25 75 15 16 44 52 15 50 52 0 0 46 37 7 41 66 20 96 49 88 97 52 82 98 1 84 40 87 61 67 61 81 5 31 32 81 28 55 52 83 45 21 32 50 91 24 39 17 90 12 49 88 18 54 6 31 68 81 38 88 14 37 19 68 50 89 90 22 14 21 44 48 93 68 82 56 73 37 92 98 71 54 55 54 3 41 42 79 38 58 97 23 17 48 13 96 93 65 30 31 17 49 35 74 19 82 2 91 22 31 41 78 34 72 17 73 16 38 66 18 17 37 0 71 56 13 72 7
37 99 87 56 39 78 79 63 1 38 25 59 98 80 54 59 40 19 72 23 4 23 60 41 99 75 44 92 87 82 29 68 23 0 50 80 71 51 52 41 9 72 67 61 68 7 81 84 55 80 41 73 2 91 52 22 44 81 29 47 42 63 94 58 22 85 10 23 45 83 86 96 4 1 53 69 27 45 31 91 43 52 71 38 42 16 96 37 76 27 74 63 74 41 40 27 72 20 70 25 7 26 67 79 89 32 49 63 43 32 98 4 86 77 47 21 93 95 20 40 23 83 23 47 94 61 69 4
83 63 31 72 81 27 58 32 91 15 8 31 78 38 95 29 44 58 34 79 17 28 68 11 64 12 46 65 43 51 72 35 70 95 72 71 69 94 30 61 36 30 46 45 96 70 7 18 72 89 9 68 96 51 44 92 68 51 26 97 52 31 20 46 70 79 70 47 20 49 99 70 40 79 9 13 24 56 37 46 89 73 13 34 20 45 25 76 26 94 52 75 5 91 1 72 31 45 98 85 35 64 0 65 51 21 43 34 55 43 91 89 65 21 89 42 86 23 94 76 71 86 99 37 70 69 94 13
86 29 20 62 88 26 90 31 45 58 12 25 1 67 13 30 22 90 35 3 24 6 15 70 13 5 51 54 76 59 5 2 87 49 93 49 65 10 4 41 68 57 11 65 37 79 98 76 77 54 89 52 77 42 6 64 57 74 54 72 4 62 59 94 93 10 55 73 96 10 48 9 83 87 6 3 16 19 84 57 50 16 38 61 83 63 66 52 12 0 38 30 20 57 83 80 28 36 16 34 98 14 26 83 52 18 25 29 13 29 14 93 57 4 52 69 4 30 8 30 79 25 91 23 63 64 27 50
70 56 84 54 63 76 34 38 74 63 32 67 66 5 2 25 71 56 55 10 15 91 88 69 76 25 12 94 72 36 0 4 50 7 13 82 83 26 93 94 87 39 39 24 4 23 27 39 57 16 77 53 73 1 84 73 53 87 63 48 17 96 41 57 52 97 59 50 47 45 12 72 55 2 98 32 66 72 82 38 61 79 92 66 37 47 56 24 38 52 81 58 54 48 81 18 22 5 5 61 64 32 68 1 87 54 8 30 97 5 66 2 64 63 88 45 6 61 84 39 56 17 44 31 46 32 14 59
95 62 55 21 81 53 16 29 27 27 9 13 54 44 21 32 68 53 30 19 55 39 5 90 19 43 56 80 1 38 85 84 83 47 37 53 0 92 75 76 45 68 45 28 8 50 87 59 62 30 20 79 84 48 3 64 33 14 52 20 29 76 14 34 1 25 91 28 27 43 66 30 19 9 4 88 46 89 61 13 33 32 86 71 36 68 52 68 17 65 63 25 34 85 55 43 68 72 58 35 63 64 39 27 67 97 41 32 1 60 28 26 38 90 39 45 97 92 74 46 43 8 98 81 58 40 66 91
50 40 11 12 65 3 7 88 72 69 92 69 40 3 5 84 90 95 78 44 18 11 26 59 85 72 10 84 23 68 70 11 34 28 21 85 54 67 82 10 19 69 20 42 87 16 25 54 38 62 27 68 38 25 65 71 75 3 32 41 87 26 66 63 10 33 78 16 74 79 63 90 14 47 84 32 7 28 3 18 31 5 27 42 52 96 62 98 49 66 52 47 64 8 95 42 92 10 58 21 28 53 34 80 10 90 47 1 57 85 70 93 46 59 62 88 20 81 23 21 45 36 61 9 42 95 90 71
50 39 57 75 65 92 70 36 90 10 28 6 85 95 88 63 77 85 62 7 59 74 11 92 16 32 62 79 90 24 19 40 42 26 59 85 90 23 75 20 65 56 21 65 99 72 65 53 3 5 10 83 80 1 17 24 20 70 9 37 86 78 34 12 83 53 71 31 65 22 60 49 17 57 29 50 62 38 88 18 44 79 57 5 60 94 80 97 25 76 95 73 95 85 95 67 59 24 44 78 63 83 26 50 45 96 72 93 38 31 42 14 38 3 49 30 15 10 23 74 7 1 46 69 90 58 4 15
27 65 52 43 34 27 3 99 17 56 98 54 42 53 32 14 98 43 33 85 59 64 75 77 36 97 88 12 28 87 47 6 50 50 46 2 28 90 61 81 6 32 2 37 11 90 66 36 39 50 45 53 56 2 25 84 80 98 25 80 93 81 24 76 68 76 85 88 29 92 75 55 39 87 11 69 75 80 82 63 66 11 49 59 12 58 40 46 55 26 77 70 5 55 24 27 72 18 95 95 78 94 46 67 93 38 97 30 97 60 46 10 31 29 71 87 90 86 38 9 57 51 65 56 50 0 2 99
31 5 43 99 72 64 25 14 38 87 27 12 52 83 19 30 80 54 46 67 25 48 71 91 21 42 95 57 15 16 13 71 88 79 89 64 97 45 11 95 0 12 91 90 14 49 81 47 15 6 29 37 87 41 52 89 76 57 26 72 54 2 38 26 41 37 4 41 74 82 19 78 61 63 83 90 95 84 7 2 39 81 87 89 15 86 86 19 30 72 6 81 94 79 26 15 14 21 72 53 6 47 79 98 23 35 17 51 54 42 90 38 93 32 42 27 9 45 60 15 79 92 62 45 68 13 6 20
46 2 29 92 7 1 41 95 59 80 73 33 51 36 62 58 72 89 97 55 56 75 4 86 38 62 20 6 15 72 95 94 31 38 4 95 71 63 63 78 26 88 78 58 28 52 27 39 42 15 63 41 33 93 18 53 57 86 98 60 15 44 53 61 84 60 88 10 39 77 49 73 27 90 81 93 17 15 0 32 63 55 62 19 67 44 46 65 53 59 56 49 11 89 24 91 10 31 97 2 82 8 52 72 91 78 93 86 46 34 0 87 91 49 58 99 0 34 40 47 91 41 70 18 84 0 75 41
77 91 47 18 35 12 0 38 22 70 17 59 3 85 42 16 25 22 51 57 78 85 56 56 42 89 98 63 49 48 78 0 76 46 79 46 60 54 46 23 76 83 32 84 38 95 61 59 87 24 68 21 75 96 95 99 16 22 13 50 47 22 14 43 26 33 98 64 84 47 59 1 80 49 98 98 98 21 90 29 89 39 0 80 11 97 22 42 77 7 33 99 0 9 77 11 88 78 70 15 96 75 27 33 95 76 13 2 26 98 84 23 91 29 93 19 58 43 36 13 0 28 77 2 89 19 90 56
28 94 72 48 53 69 77 2 59 34 6 39 28 30 90 8 21 26 7 14 69 20 77 96 2 80 2 28 11 79 76 76 7 34 98 1 4 85 4 22 80 9 93 95 68 13 7 89 69 5 93 67 40 9 33 62 73 0 52 65 92 18 69 62 92 92 0 85 59 69 30 80 86 99 82 62 19 91 48 35 49 96 47 24 95 85 37 35 98 12 25 53 17 95 62 54 1 73 92 30 99 54 96 56 11 86 1 70 50 54 67 96 2 74 95 61 78 59 72 4 41 54 6 36 38 15 66 70
89 62 15 48 22 22 49 71 45 80 26 77 91 74 34 24 60 14 99 90 50 26 76 40 89 25 28 72 93 47 61 53 3 54 2 92 96 21 49 41 22 65 94 25 60 24 12 92 97 93 71 76 44 58 49 42 78 66 34 19 27 68 43 32 49 98 79 75 8 34 33 23 9 94 36 72 88 8 80 77 89 78 13 43 77 12 47 14 67 45 47 68 71 61 26 99 32 72 55 76 12 91 5 13 88 74 20 33 94 33 2 96 69 23 56 96 29 73 87 46 85 97 36 18 33 77 98 25
37 95 11 25 99 57 89 61 69 78 13 69 51 70 11 82 83 48 55 15 9 44 53 98 95 14 64 34 65 38 90 72 9 50 29 77 4 54 42 94 48 72 5 64 80 33 58 30 75 61 84 32 43 65 12 72 98 79 64 86 21 75 88 41 31 45 64 93 76 18 0 27 74 2 67 54 97 89 54 72 90 31 66 25 26 12 39 65 71 6 10 23 74 58 85 77 77 38 12 71 60 63 64 4 8 72 77 90 58 79 96 58 15 28 8 22 21 6 36 48 46 6 57 66 59 3 55 37
53 70 84 77 82 35 13 12 93 36 72 14 75 12 3 61 11 75 39 95 32 48 48 56 74 17 70 62 58 20 72 16 16 47 45 30 48 68 1 56 39 95 40 98 98 2 93 34 63 73 41 23 34 65 83 86 35 30 98 28 92 17 82 66 87 96 72 24 41 64 76 52 4 98 42 67 4 3 34 38 59 11 22 74 56 21 77 0 32 2 77 43 69 70 59 50 52 19 14 32 28 95 34 33 41 91 7 89 85 19 3 92 23 30 51 53 26 6 56 32 95 7 23 84 41 86 67 39
69 63 27 17 15 63 8 56 41 18 38 26 52 53 47 71 98 17 26 19 72 21 47 86 12 17 89 84 0 13 19 71 98 14 54 18 2 85 75 63 54 36 48 13 62 56 12 75 4 48 71 62 27 67 17 47 48 88 92 57 45 71 89 12 40 60 52 25 90 17 97 18 84 96 29 16 12 2 46 7 73 90 29 66 5 10 71 22 21 30 72 78 69 78 12 84 13 51 85 41 35 1 31 62 6 57 22 96 66 97 28 27 89 64 83 15 45 42 13 17 75 46 51 77 62 15 99 66
18 76 83 26 70 54 87 71 46 79 12 57 12 94 95 70 66 85 93 83 3 47 96 15 68 0 70 63 57 46 15 73 25 84 41 81 63 95 58 8 9 69 56 29 57 10 35 27 74 64 24 2 50 18 21 32 28 92 66 44 81 49 16 79 62 10 12 63 97 2 70 57 36 28 94 83 58 74 29 40 34 94 14 18 34 21 74 18 63 33 78 12 34 36 14 84 76 63 58 14 8 82 24 58 58 34 56 13 21 35 4 77 28 89 7 67 20 77 32 16 0 40 20 23 27 48 98 71
79 34 65 37 92 52 42 27 85 39 23 54 52 93 60 54 64 76 24 10 12 86 46 32 15 34 66 12 68 52 45 34 85 55 54 17 40 75 63 84 60 72 5 4 69 40 80 54 61 24 0 65 93 86 93 59 42 70 59 57 71 73 85 93 54 0 35 92 96 97 9 59 11 45 12 63 6 36 44 7 24 62 77 89 23 13 67 71 84 79 15 21 88 64 19 36 25 8 1 79 74 24 74 37 10 7 77 12 41 63 1 24 88 10 79 28 46 60 36 78 41 42 60 66 46 84 35 9
70 94 65 66 4 56 30 32 57 6 20 54 98 68 61 64 52 56 96 83 14 20 69 49 49 21 85 75 0 49 2 64 9 69 64 62 75 34 24 54 56 5 58 14 64 5 79 64 17 23 56 63 91 73 70 98 59 16 95 63 72 53 83 21 99 11 64 8 91 41 99 65 75 16 46 67 50 67 94 10 72 73 17 0 5 69 39 93 40 50 29 36 76 6 10 32 95 32 92 82 2 37 30 29 4 64 56 66 59 40 91 90 76 39 16 82 17 53 38 32 32 7 47 67 61 2 86 85
97 32 90 0 48 25 19 67 55 60 90 10 52 30 16 29 58 58 91 30 65 40 58 96 54 92 27 64 69 70 41 64 83 49 57 93 90 17 64 32 71 26 58 99 79 87 41 57 97 55 67 94 22 34 73 67 61 8 16 57 65 77 77 95 90 49 31 39 71 87 85 86 46 75 2 71 99 69 30 86 71 34 24 87 43 30 71 29 68 27 60 31 14 1 30 70 67 68 21 12 88 0 38 96 73 31 16 95 17 21 59 29 68 25 6 92 29 35 44 60 11 62 12 61 68 18 17 99
75 4 16 62 33 96 38 66 10 43 59 45 1 16 52 93 86 62 26 10 23 24 3 24 12 7 4 46 32 93 19 79 70 21 58 35 95 45 19 18 81 54 39 63 32 67 37 40 63 62 6 7 78 23 90 11 29 50 50 92 60 36 6 27 99 18 13 15 65 59 60 40 59 23 30 31 61 95 46 86 9 78 48 70 93 51 45 43 81 14 95 59 18 98 73 47 45 80 14 58 57 36 66 8 33 20 14 71 65 83 39 61 66 59 11 0 59 98 67 78 41 60 40 16 1 62 9 73
88 46 15 28 65 19 48 1 97 37 34 24 17 61 24 27 8 12 95 94 20 66 33 28 84 18 84 64 92 5 54 8 15 70 52 61 81 24 50 66 69 86 62 61 44 21 10 27 22 10 83 61 43 23 43 46 25 93 32 82 82 62 20 86 7 57 65 12 30 37 31 37 54 96 91 83 50 91 85 62 35 48 47 63 59 15 45 98 66 40 92 35 39 62 57 75 90 97 39 98 43 53 22 31 60 5 38 70 65 82 57 71 54 39 87 18 26 27 58 82 58 19 66 92 88 49 33 35
30 14 74 87 52 60 35 46 47 87 12 17 68 89 78 36 24 75 79 23 38 40 26 41 10 78 1 44 44 72 67 44 79 23 94 33 14 73 84 70 48 34 6 35 65 32 84 48 13 47 38 38 74 78 27 53 6 20 5 64 32 99 63 25 26 27 24 59 4 11 49 59 37 13 65 6 4 40 75 45 16 56 14 70 93 59 60 41 16 58 28 82 48 91 47 43 68 53 29 29 9 31 50 21 64 88 79 52 14 67 45 69 45 68 43 57 3 57 75 39 93 32 62 88 43 41 3 84
75 39 58 2 75 33 17 27 39 21 55 50 82 3 12 12 17 14 81 23 62 82 97 31 28 50 99 47 65 16 19 60 99 12 81 50 42 50 90 22 35 32 72 26 55 12 26 3 89 65 41 96 16 46 26 99 19 9 52 76 37 60 77 30 98 74 48 98 51 61 31 42 38 30 87 54 29 87 2 9 13 83 98 60 46 27 83 8 91 97 21 3 43 68 65 92 75 34 72 82 58 20 2 63 67 46 53 32 18 62 5 58 43 44 23 77 6 80 18 89 49 54 13 33 10 36 43 13
78 7 61 11 94 36 54 16 78 33 83 13 81 81 88 18 50 49 78 4 12 60 55 74 61 61 26 32 14 82 85 82 59 74 83 17 51 91 86 8 79 69 79 82 26 17 90 50 44 4 71 11 49 40 26 20 56 42 42 86 10 14 68 33 63 74 94 53 57 25 18 10 25 54 86 35 17 99 35 84 37 86 27 25 39 44 47 65 99 16 63 98 94 29 71 68 4 82 21 68 68 88 11 74 80 84 3 9 14 52 92 40 78 57 24 12 15 11 53 50 14 76 64 56 11 86 54 29
49 14 36 69 21 45 12 53 36 72 49 36 99 79 60 23 94 2 24 77 32 74 17 57 77 10 92 43 35 85 21 44 15 9 79 74 5 72 31 38 56 22 5 51 61 12 63 78 90 9 75 67 82 65 22 11 28 63 2 96 32 19 62 92 23 76 40 0 63 53 53 35 18 15 73 30 81 71 68 27 33 83 77 6 31 81 48 96 70 22 29 1 33 85 29 25 20 95 5 70 64 95 73 43 39 10 19 46 39 74 23 45 77 77 76 51 8 46 57 13 14 61 68 30 87 85 74 48
84 36 58 84 92 87 90 88 81 38 72 83 18 27 77 59 1 61 44 32 37 0 61 50 88 72 46 56 99 91 40 60 26 62 8 89 70 55 39 48 71 36 26 41 43 27 35 86 20 0 49 41 94 84 88 88 80 45 47 55 93 35 20 21 13 47 59 57 14 20 60 68 23 2 69 26 29 61 51 44 21 30 89 36 97 61 72 77 6 38 64 32 41 6 96 83 27 39 16 11 15 52 77 20 61 44 66 18 74 83 90 35 68 79 95 2 87 51 22 46 94 64 37 29 83 78 31 22
21 66 89 28 50 95 90 90 68 98 55 21 59 8 12 18 63 69 23 44 29 19 10 90 36 3 91 35 34 21 7 85 25 85 10 45 87 47 78 56 97 80 61 21 34 17 61 75 46 50 52 65 3 0 34 23 63 33 13 83 25 2 8 9 1 76 96 88 32 79 88 79 32 6 62 42 78 80 43 75 33 74 88 3 50 48 95 60 87 46 91 65 45 83 19 95 95 13 70 60 94 49 85 47 57 93 51 30 64 22 98 45 46 91 34 75 17 5 8 87 72 92 77 5 21 17 53 53
3 15 88 63 76 67 45 20 49 6 99 27 52 87 37 14 82 83 1 63 6 17 74 1 0 66 2 34 86 8 2 23 19 60 53 24 63 73 53 85 65 22 78 28 82 41 84 68 82 67 8 48 73 24 19 22 21 26 92 98 4 51 68 73 34 36 73 46 22 78 98 24 88 69 59 15 16 37 61 71 98 56 66 92 66 84 12 5 98 59 10 6 44 97 54 9 96 25 58 19 41 56 95 0 94 51 82 27 34 30 5 7 61 2 36 37 5 81 82 39 79 2 22 88 37 31 16 22
75 10 30 55 57 70 98 1 67 37 4 69 56 51 5 97 70 52 99 94 18 65 39 81 84 18 18 14 98 37 45 14 71 20 94 38 98 45 13 2 58 73 25 50 20 64 22 43 63 96 96 38 10 25 8 6 51 5 90 9 12 59 36 26 24 96 29 56 62 4 31 71 36 55 88 11 57 88 86 7 43 52 85 63 59 71 44 57 4 36 45 58 70 25 55 59 41 17 3 73 7 72 67 12 46 30 62 58 57 12 5 18 46 94 96 4 14 78 62 66 61 93 88 45 8 71 65 80
68 73 30 86 94 97 60 82 31 9 3 30 44 98 1 37 86 78 6 55 91 72 54 10 38 52 29 85 83 94 48 54 76 94 91 65 95 21 48 53 57 24 46 28 15 9 9 98 64 36 7 21 56 62 29 83 97 54 16 51 74 3 17 19 18 14 33 14 5 51 72 31 91 50 68 60 73 75 97 81 64 29 56 7 50 70 44 77 43 40 56 53 38 43 27 54 73 1 5 33 93 49 62 65 21 12 83 77 78 43 88 90 5 84 65 43 63 63 44 72 64 57 12 36 71 21 62 79
32 28 96 66 0 92 82 46 73 25 6 70 43 81 65 99 34 44 7 24 19 81 74 58 23 57 26 20 40 25 7 20 91 54 40 72 71 63 19 11 3 81 12 67 86 99 59 95 47 87 25 1 67 46 54 97 86 46 0 74 38 25 71 75 13 84 50 74 4 33 65 81 21 79 48 8 42 89 96 63 25 14 17 50 43 18 14 68 39 61 43 85 89 1 46 24 27 85 94 50 83 96 16 9 52 69 69 18 63 27 71 12 95 24 34 64 9 13 79 7 3 44 45 45 27 13 93 74
72 50 89 97 15 91 98 41 30 44 7 38 94 50 42 61 32 34 96 90 65 50 34 29 87 59 58 91 51 61 23 6 47 12 2 92 22 48 53 90 41 45 17 78 50 32 2 7 46 51 5 34 58 69 58 12 57 22 25 93 87 17 20 31 1 68 89 82 6 93 26 87 30 20 25 13 5 24 78 68 29 47 60 29 5 69 81 37 15 5 55 17 25 6 19 82 80 73 47 28 89 15 52 67 98 50 63 40 74 81 18 94 33 15 35 14 32 24 34 50 1 45 41 85 48 96 44 38
51 90 26 35 23 84 75 1 15 20 0 50 48 57 98 12 30 76 73 29 91 79 79 20 38 41 44 46 35 86 39 53 71 59 28 43 41 6 74 46 96 62 24 60 2 69 23 96 5 60 20 18 20 99 88 82 15 76 9 84 83 83 53 4 32 88 37 26 57 22 74 55 91 37 74 74 14 35 50 46 51 86 11 70 59 50 35 10 47 12 79 80 33 60 65 99 2 1 33 16 70 2 23 7 39 4 89 21 39 28 71 32 56 1 83 31 27 55 68 71 70 90 71 99 5 0 18 85
14 78 24 81 45 95 39 6 43 41 79 25 53 4 70 58 70 33 48 52 51 29 33 90 80 91 45 71 29 88 37 35 61 87 53 44 5 57 7 54 50 49 7 26 23 42 15 42 6 70 73 64 62 86 66 3 65 93 38 6 99 64 51 77 7 3 94 46 16 38 88 74 35 73 8 93 11 21 76 48 97 22 60 69 86 89 73 30 57 81 91 74 32 81 22 22 86 60 41 66 73 60 13 31 70 96 78 87 59 91 86 74 72 7 39 64 55 46 48 35 95 94 13 38 0 44 25 72
64 79 3 12 82 73 46 69 90 5 82 34 5 97 64 10 47 74 9 65 32 66 12 68 98 22 77 11 46 48 92 62 98 99 81 9 43 31 36 55 0 48 63 32 69 25 43 66 38 24 87 67 94 81 65 33 83 99 71 42 27 39 26 10 34 4 14 66 21 54 3 73 73 6 67 62 25 83 12 58 76 79 41 9 67 70 42 16 3 50 39 23 82 31 76 54 78 20 45 27 28 71 17 75 54 46 85 81 79 17 82 76 55 55 1 46 98 78 66 49 1 72 3 93 67 65 61 76
19 82 85 41 15 51 13 52 10 86 83 1 14 39 8 95 50 67 10 3 75 89 21 36 54 9 38 79 13 32 55 3 20 73 37 23 47 69 71 42 63 12 94 23 50 66 4 27 44 6 89 79 12 23 30 73 51 49 56 5 52 53 81 57 77 27 91 98 11 58 61 91 65 2 8 8 43 39 44 11 63 48 95 80 55 84 69 73 71 7 33 97 79 1 69 54 22 28 92 81 91 23 90 35 97 43 24 59 26 47 82 34 56 6 97 6 91 43 44 95 39 58 98 67 99 99 67 16
38 40 77 5 8 39 19 17 27 62 72 43 70 97 89 56 27 42 82 13 62 6 40 20 90 5 45 92 45 13 69 73 6 99 64 51 3 80 17 43 78 95 60 63 88 68 9 8 73 35 44 63 14 87 99 23 80 25 50 25 63 90 95 14 19 70 53 85 15 29 60 11 40 81 74 60 28 82 83 63 53 29 20 16 11 7 18 71 43 75 28 35 84 49 24 90 86 89 17 77 30 4 87 27 38 48 93 95 84 79 99 45 45 72 55 75 6 64 36 28 65 25 47 28 12 81 43 33
11 51 52 25 5 49 48 15 76 92 38 41 72 90 4 61 98 87 14 11 37 60 84 64 43 64 6 35 90 14 79 92 19 99 16 52 43 41 51 7 17 89 94 84 63 90 99 70 39 24 39 31 86 73 0 4 10 27 82 80 70 96 11 30 91 76 56 5 19 92 0 10 18 83 69 7 87 42 64 46 33 74 9 54 85 76 65 66 6 22 51 45 88 13 84 54 64 37 57 7 4 2 98 50 81 71 50 64 9 5 42 26 31 75 44 15 45 47 45 51 68 45 35 24 2 91 36 58
19 18 88 98 51 27 79 53 19 2 46 59 18 73 2 61 82 70 77 2 2 79 93 80 63 45 32 90 7 78 39 17 38 78 5 51 18 83 35 90 32 5 28 15 87 62 13 42 84 4 34 17 17 81 98 41 18 28 83 27 98 44 39 63 20 57 8 63 95 14 57 33 3 28 43 96 51 42 61 52 86 26 92 67 94 95 51 44 65 81 46 26 24 19 13 43 24 96 41 75 33 91 58 72 61 18 57 39 45 2 81 97 79 45 86 65 89 76 17 67 3 0 12 31 73 18 27 42
49 65 3 15 16 17 44 37 18 29 28 67 67 3 8 63 5 69 27 42 72 59 7 4 38 50 16 85 49 9 0 32 63 8 98 62 53 50 40 62 57 7 15 23 72 65 0 22 30 87 69 5 9 99 56 69 83 82 60 18 3 47 63 34 86 48 91 35 62 93 35 47 15 97 82 11 4 70 66 49 87 26 3 33 91 56 87 3 70 59 5 30 95 17 92 48 70 47 47 14 85 40 70 87 51 29 98 3 58 47 12 74 88 71 11 49 92 33 38 78 72 63 45 50 79 60 16 28
94 73 52 8 53 5 3 0 34 88 47 5 70 19 37 15 52 91 8 60 20 7 10 25 69 68 85 34 37 33 82 56 65 40 1 12 76 92 96 87 1 82 9 45 79 90 63 94 3 30 14 77 66 26 82 0 9 64 98 63 90 47 18 27 74 77 65 30 85 80 53 63 16 50 31 35 47 31 3 9 2 87 85 96 4 64 71 7 97 85 49 78 36 70 65 12 14 18 33 28 96 75 93 80 54 49 39 57 64 32 24 22 70 72 31 16 97 51 55 34 59 21 35 27 24 45 23 21
60 20 9 1 69 39 96 51 84 57 38 7 25 18 0 82 96 9 22 35 83 89 21 41 85 17 90 74 88 30 12 82 1 94 60 95 49 38 65 83 20 37 47 43 59 77 87 26 78 50 56 69 4 67 63 10 92 1 23 24 75 19 75 65 74 98 14 48 41 95 78 50 39 72 23 24 90 68 32 70 11 91 67 72 47 30 72 28 80 22 50 98 69 45 53 7 23 73 58 17 37 50 91 5 97 49 71 79 22 91 60 15 89 75 25 82 10 79 91 5 83 27 96 21 25 29 7 79
35 43 59 87 67 12 47 25 93 94 13 66 27 41 68 62 63 95 6 77 63 28 69 10 4 10 41 30 27 37 3 59 81 94 37 84 89 82 31 38 35 18 73 8 15 11 88 27 75 65 14 22 16 86 74 62 84 12 75 26 41 2 6 31 11 28 84 62 97 21 72 93 38 47 96 53 31 92 89 26 17 29 76 84 98 51 35 54 72 63 97 78 95 82 66 40 29 39 48 30 52 37 18 55 74 70 62 17 5 55 34 78 89 64 84 56 2 18 10 10 3 75 42 38 45 82 72 85
60 52 82 59 58 33 21 43 63 92 36 74 80 63 98 84 75 13 63 59 56 43 60 15 83 36 75 46 86 8 49 81 76 69 81 62 57 74 80 32 60 1 71 69 23 27 37 59 27 30 55 87 83 67 52 96 73 85 21 45 27 27 51 38 84 91 28 78 20 56 17 83 19 23 19 64 53 30 14 54 56 25 48 75 17 18 82 95 61 28 5 30 59 76 79 85 90 19 56 2 24 80 33 34 70 41 1 73 97 29 36 62 0 99 36 29 58 98 53 42 27 99 9 86 33 10 11 47
66 84 30 66 46 29 96 55 32 83 80 0 1 18 30 41 99 3 5 70 96 18 56 62 81 79 5 95 55 99 7 25 30 71 11 18 4 71 63 20 68 23 88 24 54 3 78 41 68 8 58 59 67 91 35 76 83 84 2 87 53 46 34 70 45 59 91 98 14 83 9 77 83 63 51 84 79 48 68 65 51 41 43 69 90 25 94 30 71 74 31 61 64 19 79 18 33 5 14 65 30 20 67 23 82 9 87 0 57 98 31 96 69 4 41 2 88 1 79 35 12 87 20 86 1 53 23 54
38 94 16 26 60 67 35 13 67 45 16 38 71 66 54 7 65 39 41 58 57 18 43 90 74 52 47 15 55 50 72 1 73 37 33 85 76 49 89 18 63 33 29 56 10 0 64 58 2 72 18 70 33 74 85 48 82 56 75 17 21 48 47 88 8 77 46 60 99 6 11 92 25 56 16 19 86 82 53 55 64 87 64 80 86 20 11 23 90 6 57 59 25 95 96 52 99 19 29 30 29 61 32 93 59 48 27 23 23 39 97 87 47 59 7 15 72 23 29 8 3 68 13 37 33 61 27 79
36 30 85 85 35 14 56 2 28 14 67 21 8 25 61 73 89 38 8 94 58 74 34 82 33 16 19 61 95 24 20 89 91 93 69 90 44 10 26 30 3 48 77 99 80 19 84 95 26 48 68 59 21 53 5 19 92 4 88 57 8 26 29 93 79 18 48 91 83 25 68 77 62 38 93 38 38 5 47 72 43 31 35 50 79 62 76 79 97 95 19 32 31 2 81 24 60 7 13 55 95 62 21 39 44 79 77 60 45 41 61 78 55 54 30 8 43 78 45 54 5 67 55 4 71 2 50 64
94 26 29 66 88 76 40 42 12 66 45 57 77 73 85 59 59 3 59 65 8 37 17 21 23 42 30 27 43 39 38 19 88 94 27 2 77 28 28 42 67 52 60 33 66 87 47 54 40 79 68 59 14 67 94 63 55 47 43 3 57 98 22 92 54 32 73 74 73 78 66 39 67 30 55 75 1 98 21 22 93 5 36 23 63 27 97 60 42 29 89 33 54 86 89 25 88 36 28 65 62 7 82 27 68 93 29 65 79 63 77 87 36 47 10 96 17 2 47 78 6 74 56 64 69 95 69 74
11 25 20 79 62 60 11 15 81 62 80 45 9 67 0 32 78 60 63 12 51 38 62 32 42 76 6 47 64 42 35 35 88 27 21 87 39 98 32 51 83 67 45 82 1 69 64 42 38 39 1 38 39 2 45 17 44 81 1 0 33 25 65 46 62 73 86 19 86 72 52 10 4 63 44 20 41 52 74 89 4 23 43 67 12 80 61 25 49 41 64 84 80 76 80 68 50 41 27 88 74 97 78 73 80 2 85 88 28 5 69 73 86 49 60 26 22 26 44 27 72 25 28 25 32 88 96 28
7 36 25 56 4 16 6 39 83 80 79 12 32 79 91 61 57 55 29 87 53 83 44 90 87 8 54 5 2 30 10 44 96 93 31 97 76 97 19 46 3 52 31 96 51 16 27 31 87 6 71 73 35 87 3 35 64 63 54 74 0 66 42 8 70 85 50 89 13 61 33 52 25 67 60 90 69 0 86 99 46 53 26 70 34 67 63 93 90 64 50 98 75 36 12 46 26 4 72 17 65 39 4 11 94 10 83 81 14 48 67 71 72 51 22 1 32 57 12 63 4 24 32 24 45 29 81 60
58 84 50 7 26 28 69 16 69 82 26 99 45 38 8 97 64 24 75 85 1 16 50 45 34 55 51 41 81 2 7 37 5 13 71 92 76 65 37 69 28 77 93 12 14 9 64 59 24 98 22 22 4 40 93 50 1 88 91 10 28 15 91 98 54 36 35 19 67 69 80 34 86 55 13 56 77 37 23 67 22 63 4 12 33 66 34 28 45 73 54 4 57 16 23 51 65 20 28 10 58 26 39 0 37 62 65 39 24 12 46 6 92 69 28 12 80 69 73 89 52 49 22 99 15 69 76 33
43 52 53 38 63 60 59 86 96 26 35 92 25 43 84 78 45 32 18 24 53 55 31 68 71 52 41 56 84 79 79 67 80 9 27 15 78 87 29 37 75 2 98 5 19 35 60 26 60 70 96 67 19 80 74 26 3 66 58 50 37 13 23 26 35 50 65 8 50 80 25 94 4 6 24 12 49 60 14 44 30 33 12 54 39 76 52 64 2 98 44 62 14 75 96 43 85 35 18 4 28 2 6 22 23 53 63 69 81 2 28 39 65 62 77 34 36 78 47 70 75 72 2 69 62 21 12 57
51 64 89 6 39 30 77 96 4 66 41 62 34 48 41 58 10 20 93 62 90 22 76 88 91 75 23 84 45 89 44 7 53 16 15 45 40 41 52 52 42 70 48 32 16 77 99 21 68 62 34 28 23 2 53 85 40 26 1 64 57 15 92 83 15 94 79 67 87 26 73 18 44 92 94 90 22 0 44 71 0 35 37 48 59 68 36 2 1 82 51 19 12 76 48 9 75 49 81 66 96 32 31 42 5 68 73 65 13 28 63 94 1 86 85 42 81 72 48 58 2 12 14 64 88 13 39 23
14 82 99 23 15 3 65 91 42 87 33 67 41 90 19 98 63 79 12 68 20 1 83 87 69 32 81 35 85 53 44 3 19 93 45 15 45 7 41 72 91 82 33 73 69 8 0 77 83 58 31 70 44 18 88 48 81 95 35 57 80 75 50 14 92 80 57 19 62 15 90 89 8 66 21 9 61 26 4 29 73 21 96 66 0 0 33 92 0 91 96 49 16 61 25 52 21 3 70 7 47 4 70 85 51 88 47 99 82 73 34 28 75 19 33 21 46 87 20 60 10 18 3 96 68 73 83 29
40 46 51 83 68 45 34 69 72 62 58 80 51 50 64 22 79 39 72 37 71 69 43 92 45 13 53 23 21 60 25 48 84 68 31 74 64 56 31 69 80 68 43 58 23 92 36 47 10 25 89 64 65 7 43 44 8 23 84 57 24 16 14 50 56 78 92 62 38 21 77 66 50 57 65 14 24 38 85 31 8 80 92 1 43 86 98 29 68 87 66 11 83 27 75 12 75 94 87 72 8 62 31 92 76 41 99 52 72 73 59 96 16 12 35 57 16 54 86 32 62 52 8 3 80 66 23 11
87 22 99 67 21 98 47 37 37 4 50 65 76 99 92 95 86 20 46 62 95 75 20 7 68 55 79 5 6 64 73 34 30 11 9 37 50 36 25 83 26 47 98 31 65 23 18 14 79 56 62 34 56 88 56 1 62 88 63 66 55 68 45 66 67 85 83 54 52 49 77 80 52 12 73 73 77 79 48 22 62 61 52 68 76 54 19 24 36 3 12 10 33 49 30 2 61 58 70 39 30 98 54 85 77 77 88 65 86 82 6 32 84 33 60 8 31 88 65 43 81 44 38 3 45 7 28 78
5 13 73 14 5 77 58 43 91 32 89 24 4 10 64 73 2 70 22 43 29 25 67 82 27 3 23 81 73 95 61 59 64 48 56 16 18 39 63 28 71 67 90 50 6 19 13 15 91 69 52 70 92 76 3 29 63 89 33 44 1 88 97 22 11 10 91 32 19 82 1 73 22 14 71 3 45 19 31 86 99 56 50 67 20 34 65 3 96 88 23 4 94 45 95 84 37 47 33 64 95 41 84 26 9 88 83 3 88 51 18 94 15 67 24 3 19 70 0 49 61 34 92 88 31 19 33 46
83 90 56 60 87 76 59 76 57 16 46 84 20 51 45 93 6 24 57 95 65 8 79 17 29 17 36 5 33 7 87 51 98 16 72 75 82 10 23 18 38 66 4 44 27 59 0 63 29 93 71 48 36 74 20 31 86 32 74 20 12 61 68 49 71 55 77 2 44 54 1 3 88 81 53 35 43 16 66 75 45 41 23 83 84 9 57 62 14 64 10 62 78 6 41 16 2 84 2 52 64 17 3 64 61 92 94 32 14 57 57 22 86 33 67 14 0 39 98 39 76 32 74 25 68 46 31 9
88 36 24 87 92 53 38 29 79 51 26 48 87 22 22 34 74 95 41 37 93 62 25 40 87 17 32 60 46 8 12 82 21 7 88 41 37 66 5 35 60 39 76 70 87 85 93 92 3 83 33 89 44 94 4 82 34 43 22 71 73 90 28 35 1 37 90 7 87 76 98 14 90 97 80 33 45 81 52 50 82 23 44 55 31 46 37 97 7 70 14 65 93 29 39 41 25 42 36 93 14 37 7 34 54 1 6 42 41 76 21 58 64 56 11 67 64 57 62 44 44 42 7 58 66 74 83 42
14 68 57 55 77 74 35 51 56 6 24 61 12 31 48 85 28 17 71 60 85 4 96 74 64 92 43 48 34 15 31 24 40 22 17 77 35 21 50 13 91 82 2 99 64 56 52 81 70 48 68 25 62 72 17 38 23 42 63 89 44 19 12 38 49 27 66 17 95 88 58 85 75 57 48 22 1 71 12 9 94 28 54 69 84 86 92 0 29 56 91 40 64 31 35 83 64 79 53 53 70 33 93 97 74 63 2 80 20 62 44 73 45 0 18 25 55 79 84 73 84 33 3 20 92 28 66 26
73 27 46 20 38 76 72 31 10 32 67 83 77 93 94 63 51 86 1 54 57 28 91 21 85 23 72 75 59 35 30 63 59 11 72 88 49 30 95 43 63 83 53 51 43 30 91 28 57 83 96 85 5 21 83 91 12 15 32 99 21 79 17 15 67 50 31 7 83 52 37 78 40 90 5 34 31 26 6 83 56 94 5 11 10 21 35 89 98 16 56 96 30 60 67 15 94 48 44 53 54 86 91 42 89 65 59 18 61 17 18 71 76 49 23 19 21 24 75 76 91 80 51 3 21 47 31 60
15 13 33 91 92 82 12 69 70 95 50 77 4 79 56 82 60 68 19 67 26 33 61 84 3 84 81 21 10 48 31 94 48 2 80 31 62 7 49 20 32 55 81 34 3 0 5 10 13 65 84 54 55 50 16 1 88 41 15 91 17 53 98 47 56 61 29 28 3 29 92 70 83 57 76 22 91 34 97 24 46 43 20 23 4 7 58 51 26 96 59 82 42 10 25 88 39 57 16 67 12 88 19 14 62 12 43 66 82 13 77 1 32 57 59 61 39 48 40 42 0 74 48 7 12 29 35 21
43 5 51 4 71 99 4 12 78 7 59 32 1 54 35 73 0 97 74 36 90 26 22 4 62 24 52 64 43 5 89 66 35 59 31 74 81 38 85 57 67 66 13 94 45 30 56 2 57 82 27 87 93 24 60 30 53 30 55 56 61 7 9 41 47 46 58 78 95 15 95 92 26 60 45 0 59 19 53 91 98 14 79 80 81 71 44 68 61 27 54 93 69 99 4 91 8 27 88 18 6 74 73 79 0 4 43 90 1 39 80 7 75 40 50 61 69 79 46 0 7 29 2 4 55 94 59 46
88 48 93 64 45 56 14 59 68 64 5 46 60 12 39 45 21 52 83 66 79 30 14 68 24 81 56 5 75 49 27 90 37 21 71 84 30 0 55 99 67 92 54 70 17 48 81 96 4 64 10 52 81 67 86 64 90 62 0 33 78 7 13 9 66 5 51 97 19 66 85 66 65 12 86 45 2 4 35 66 51 25 64 68 1 28 71 92 69 74 11 54 65 63 29 84 78 85 25 33 36 57 33 99 53 50 22 49 76 68 92 78 78 30 66 4 38 52 26 53 48 39 99 93 35 16 49 53
21 14 14 38 57 47 84 31 18 79 30 15 66 48 45 42 91 87 53 41 33 34 66 94 35 99 56 21 58 99 61 32 93 11 73 34 97 56 57 9 23 12 54 89 42 79 45 48 44 1 22 65 82 39 21 15 29 13 3 68 19 29 3 95 61 3 73 65 92 83 79 78 17 15 17 14 68 31 35 67 95 99 54 79 33 94 0 7 87 32 66 36 92 18 87 48 51 27 14 91 95 18 75 74 18 17 83 10 22 68 55 71 47 90 82 6 25 53 59 94 77 26 23 5 17 95 10 49
76 67 23 16 31 23 44 68 81 19 18 42 48 97 8 73 15 91 80 65 47 37 47 72 31 13 54 71 86 93 70 63 89 22 28 33 70 72 96 83 42 43 14 71 7 88 10 92 97 32 58 40 99 5 49 57 95 16 25 72 31 50 46 18 63 32 28 53 65 60 32 73 52 63 51 95 59 35 43 61 74 31 10 66 49 7 38 40 22 79 63 6 43 99 15 16 55 5 22 78 67 31 91 13 37 42 91 92 76 22 48 94 11 83 97 22 98 44 42 88 63 13 92 11 29 11 41 55
95 31 42 88 41 61 12 59 94 95 98 21 46 25 86 46 18 56 7 96 18 24 79 76 49 35 41 90 42 34 54 33 31 98 57 12 87 19 73 11 22 65 57 82 88 18 61 40 43 77 95 53 71 50 51 16 5 93 6 85 67 32 19 58 16 37 5 46 47 40 4 31 8 14 43 27 50 85 21 59 69 26 97 27 55 91 24 90 85 20 78 79 5 19 72 98 82 92 81 47 65 69 16 36 16 38 65 14 35 97 69 44 86 24 57 74 71 56 56 80 74 37 27 31 61 5 78 86
83 1 85 39 85 69 51 33 86 17 84 54 12 60 5 60 19 3 21 73 74 0 45 98 16 97 45 23 37 48 81 8 65 84 92 40 17 82 47 56 16 75 64 70 32 28 50 46 74 75 67 37 6 41 15 77 52 75 82 6 94 59 7 61 43 43 33 50 16 55 98 1 7 5 87 28 66 20 85 62 92 51 13 32 82 74 67 16 7 97 97 14 60 17 52 37 85 49 61 52 4 60 29 1 91 39 47 26 9 47 35 73 8 40 83 34 33 68 94 57 88 15 2 20 30 22 85 46
36 3 20 87 5 89 57 33 77 26 82 2 10 33 54 63 2 77 25 40 21 38 91 46 78 16 12 78 57 53 73 94 16 68 79 63 73 40 55 9 87 64 1 40 98 36 95 2 2 24 29 2 62 32 78 51 85 11 90 24 85 50 20 21 98 63 98 22 7 82 20 35 84 63 2 32 5 28 60 83 14 73 32 9 12 9 52 42 11 66 64 23 52 12 63 96 40 73 8 19 0 49 22 8 1 11 44 37 14 84 93 91 91 61 91 3 52 8 73 68 93 88 57 74 68 89 43 88
63 54 62 11 77 39 19 3 29 28 3 84 22 34 84 34 41 9 14 59 75 44 76 8 37 74 89 98 40 20 27 15 70 17 89 33 81 26 72 28 11 9 26 86 28 42 31 15 20 35 86 14 83 93 32 6 72 55 97 11 20 99 74 51 92 61 50 43 53 24 95 31 25 92 16 17 69 91 13 13 1 88 34 34 45 64 97 19 92 65 25 98 43 30 44 3 20 57 35 70 85 64 82 32 3 87 91 88 23 90 79 58 34 56 86 82 48 1 87 41 73 28 21 22 58 5 58 58
9 27 18 91 60 80 39 90 64 15 59 33 30 9 91 26 63 7 6 44 86 86 55 36 94 39 58 91 94 42 10 88 71 79 2 99 55 21 43 13 22 97 19 77 81 9 9 57 13 50 62 25 35 51 83 41 72 4 77 25 82 12 69 12 88 39 52 22 91 99 25 9 8 23 75 23 75 31 5 46 86 87 81 91 32 33 13 47 47 66 15 66 8 89 7 50 97 72 37 61 44 96 36 62 68 27 26 72 50 10 2 76 92 83 15 86 71 14 16 67 86 52 89 80 17 66 68 33
98 81 64 34 92 62 93 46 21 13 38 60 95 55 93 89 97 18 43 86 18 96 68 47 13 57 4 91 35 66 20 34 37 64 59 96 96 46 86 90 8 4 55 48 57 26 32 10 41 72 98 90 86 8 90 29 71 15 80 39 1 67 57 56 10 4 84 36 60 47 79 44 94 43 3 62 8 60 26 92 61 32 50 58 61 21 74 67 37 52 50 3 9 53 24 9 47 10 22 69 3 71 25 57 17 80 98 73 35 55 62 63 94 77 32 99 16 41 93 5 1 49 18 28 21 93 32 60
24 23 18 76 83 33 57 15 89 8 10 50 87 83 54 3 5 61 37 12 45 52 80 30 82 95 98 8 22 4 24 92 54 33 57 71 50 80 26 60 50 97 56 55 86 57 47 46 33 0 47 63 79 19 61 23 97 97 42 98 19 18 53 86 74 99 67 46 77 30 6 65 74 21 49 81 19 84 4 14 58 60 22 26 86 84 50 19 15 29 17 34 47 46 86 76 94 71 28 72 82 7 52 55 90 15 66 84 6 28 35 51 1 23 83 8 33 50 90 85 99 98 33 90 63 49 32 38
10 31 16 44 61 96 16 7 24 22 44 31 86 25 69 20 7 93 12 49 42 26 28 39 2 36 97 13 78 73 29 95 27 73 66 42 93 76 73 87 50 17 58 71 58 76 5 77 40 78 89 15 44 26 54 38 6 75 15 22 75 53 79 61 83 49 68 23 71 44 32 72 34 38 59 59 0 0 65 58 88 8 66 15 2 25 34 93 52 78 38 74 93 98 55 7 29 37 50 38 67 34 30 3 1 78 92 94 66 48 30 13 57 98 77 1 32 66 59 91 17 3 50 81 99 32 99 2
46 48 41 80 41 64 56 25 31 33 54 10 71 71 55 17 44 90 30 63 22 63 35 6 7 6 67 48 57 85 60 56 84 67 17 43 58 68 11 42 82 45 74 25 61 75 43 76 21 88 15 97 89 35 70 56 46 38 15 55 85 13 77 70 20 75 72 20 88 36 17 87 83 8 45 84 94 63 87 51 73 7 51 56 35 32 9 67 20 31 62 23 81 14 88 47 85 34 13 57 66 20 77 17 77 20 41 99 71 88 30 81 29 28 30 74 67 17 74 49 46 80 86 84 21 25 4 11
38 65 92 98 33 77 44 99 64 76 21 55 91 48 41 80 84 18 0 20 6 49 31 23 68 6 15 65 36 66 8 45 67 22 83 98 0 60 8 53 69 11 13 11 66 35 5 66 87 14 54 25 31 31 53 44 95 27 84 9 76 66 74 17 44 96 15 2 60 8 31 1 73 1 46 36 14 86 13 32 96 18 10 42 29 11 34 73 26 22 25 36 82 31 96 19 0 47 78 89 83 31 60 67 48 60 88 7 24 61 35 12 96 82 81 78 32 81 31 70 46 80 66 94 24 39 40 99
83 11 6 14 31 9 95 52 1 25 15 66 85 94 41 22 31 73 26 97 91 18 58 35 26 72 23 70 12 37 34 68 45 94 86 36 54 59 22 84 70 67 83 69 98 67 9 87 26 73 33 55 6 62 1 89 51 58 10 58 23 93 75 22 66 28 13 43 18 12 94 94 52 6 44 98 71 85 20 62 63 81 42 44 43 17 17 88 92 6 96 56 1 90 23 52 59 70 73 76 90 84 36 29 57 79 47 9 93 32 96 13 80 2 65 14 67 44 65 15 22 97 32 41 97 8 56 20
63 27 33 23 50 32 90 84 55 44 77 10 15 77 30 42 17 57 32 53 7 88 74 51 97 87 36 92 56 16 88 46 51 86 84 38 20 21 63 4 5 21 46 94 70 59 57 82 87 55 2 67 97 34 59 70 84 75 34 83 81 95 36 75 89 51 44 2 14 24 6 31 44 48 32 17 22 61 66 24 1 66 13 53 50 23 70 17 44 59 52 90 23 27 30 62 25 6 95 40 52 37 0 65 12 10 70 21 16 48 81 21 29 27 96 62 50 75 12 56 30 58 58 78 72 44 24 98
78 44 71 94 61 99 87 86 54 46 11 37 19 34 81 9 12 23 23 63 9 16 11 17 44 15 5 70 50 47 85 32 1 31 18 24 81 52 86 1 8 37 68 53 94 97 33 23 1 45 21 17 2 85 3 28 91 23 64 86 44 32 9 9 61 71 47 5 15 57 38 77 93 3 12 89 41 40 33 78 66 34 74 30 28 48 32 25 23 96 73 37 39 63 57 47 35 6 63 14 73 31 8 1 3 87 27 11 32 8 34 69 22 56 54 5 81 8 43 77 18 35 88 56 23 49 4 88
98 32 30 39 84 71 13 97 22 34 86 50 22 24 89 83 59 45 78 31 74 99 36 52 46 73 79 85 96 65 49 81 34 75 13 75 32 86 4 14 50 58 40 37 14 9 35 82 52 10 98 64 25 98 57 60 30 2 15 60 48 75 6 88 78 9 58 78 94 48 48 47 55 78 95 97 34 89 40 81 87 42 58 68 38 73 31 74 95 47 1 25 70 13 85 11 18 97 54 23 75 54 83 60 35 71 44 88 41 73 49 93 72 91 96 85 51 6 85 64 41 44 71 96 81 25 11 91
77 79 10 63 68 77 45 16 48 7 6 81 97 23 56 84 53 60 92 75 48 60 63 7 3 54 49 21 87 50 46 53 95 36 10 47 55 18 10 51 21 33 58 23 76 11 88 45 50 21 45 57 28 32 54 3 49 35 75 42 26 4 4 3 49 52 24 7 50 1 26 88 34 83 12 97 90 79 56 94 31 20 21 97 65 42 30 40 26 70 95 44 10 76 70 79 85 35 45 64 81 41 73 5 89 20 48 51 57 42 0 17 77 21 83 46 57 32 69 12 95 13 17 12 91 41 55 74
6 89 47 66 67 24 42 6 96 50 10 92 49 88 23 96 94 85 22 63 72 96 53 73 22 44 36 76 89 1 52 58 70 96 95 74 40 22 16 18 8 52 88 0 59 12 46 19 81 38 94 83 48 1 19 2 89 74 51 75 30 49 14 37 16 96 6 80 47 40 93 29 29 37 65 98 67 47 21 91 42 86 26 62 60 23 41 40 96 36 77 70 54 56 82 17 81 80 18 8 66 13 49 52 18 3 62 66 85 20 10 18 13 9 64 58 65 55 12 92 5 24 82 6 74 38 22 0
23 77 81 23 68 31 88 33 69 96 77 43 91 77 8 52 52 96 7 98 13 89 80 40 47 47 16 86 11 45 9 22 14 6 94 72 9 81 48 84 5 74 55 80 62 83 50 41 43 48 31 47 64 65 46 26 77 20 16 82 70 42 29 9 47 33 58 76 85 4 64 4 6 97 1 65 78 21 83 41 15 83 29 40 30 90 2 81 27 2 27 31 97 57 6 0 17 72 22 72 18 38 75 84 8 91 11 18 14 24 96 63 15 96 65 96 53 37 11 90 21 59 84 42 34 47 28 72
40 54 70 60 99 93 40 57 72 87 39 86 88 81 86 5 14 68 16 79 56 34 8 11 45 58 0 7 0 72 90 69 26 83 77 75 90 3 74 21 52 46 8 27 45 32 54 52 59 73 90 56 99 4 9 95 13 36 76 78 47 36 17 16 13 42 40 82 75 37 21 14 47 56 33 65 93 24 46 23 90 35 62 24 91 59 93 55 98 31 19 41 8 84 16 4 75 20 77 81 37 1 60 91 68 38 98 3 29 72 68 65 18 72 19 51 56 1 87 43 61 70 26 2 71 13 47 31
47 97 2 5 48 69 45 47 26 44 77 58 64 23 77 84 24 78 2 17 19 39 29 79 11 80 2 7 93 40 14 85 24 56 52 53 12 55 3 90 12 25 39 85 12 58 33 96 56 6 9 77 24 81 69 70 59 84 45 42 46 29 49 53 77 70 88 51 27 0 65 18 98 9 30 50 93 93 62 52 40 99 31 56 7 61 70 7 28 69 59 26 49 74 55 73 42 28 60 29 5 16 8 25 1 56 33 92 86 89 20 38 27 13 42 32 24 31 62 91 86 8 37 59 67 10 37 63
39 58 23 1 36 88 71 64 27 98 37 11 61 66 41 63 73 94 46 59 79 39 37 80 6 4 22 7 14 61 42 10 97 29 76 54 12 50 43 69 83 26 31 48 15 41 44 78 22 67 49 62 65 46 85 97 37 82 73 28 63 6 30 98 59 7 20 72 49 14 28 98 35 82 35 86 14 39 58 45 66 11 95 54 50 76 42 15 27 63 67 76 58 13 8 94 19 69 72 62 87 7 89 50 67 39 70 25 68 93 6 27 86 10 64 53 44 76 24 11 47 85 80 10 95 54 56 65
79 41 46 35 88 71 11 19 91 26 27 23 39 73 22 10 8 82 20 80 39 55 28 87 26 86 42 90 16 46 53 90 49 50 23 85 42 65 25 17 31 72 81 89 97 32 13 88 44 48 82 96 36 34 8 29 76 75 29 45 25 43 64 99 97 3 41 67 28 4 85 76 57 66 81 1 85 21 13 57 70 99 86 74 41 83 12 10 38 6 2 11 28 41 32 27 54 18 90 69 40 95 67 50 97 1 44 11 14 31 15 84 43 7 53 12 83 94 14 89 93 78 98 70 15 39 69 98
28 60 21 78 88 36 5 36 63 37 79 62 37 41 53 91 55 40 64 68 71 32 49 45 53 99 18 24 7 93 99 49 66 81 33 56 14 18 72 71 30 15 5 87 34 42 99 0 23 1 48 75 25 30 8 28 7 69 73 9 6 82 91 55 53 14 84 69 23 71 81 38 11 29 46 62 17 25 6 99 74 74 42 79 85 61 2 48 39 58 29 19 49 86 98 43 63 62 77 14 12 62 4 64 44 94 44 41 95 75 90 50 10 64 44 91 63 40 75 55 4 11 32 62 59 44 39 52
24 6 96 76 39 52 87 86 70 47 52 17 53 92 1 51 12 41 10 76 79 88 68 23 46 45 98 66 73 63 29 51 83 79 19 49 26 89 46 10 68 34 39 7 93 95 29 24 33 67 49 84 75 77 44 99 42 38 71 75 34 53 19 51 8 36 26 2 77 66 6 32 36 25 90 6 81 90 89 21 84 47 96 12 20 4 90 17 72 81 58 12 96 87 64 44 67 21 99 6 85 1 57 54 14 30 75 12 0 54 49 91 65 75 86 89 86 67 88 52 63 48 65 80 43 36 83 41
16 24 49 47 44 35 57 30 57 9 49 83 55 20 77 61 11 96 76 50 12 59 88 56 32 28 14 43 53 38 31 7 70 57 28 77 89 71 38 57 54 11 4 34 36 41 70 66 15 4 75 13 81 44 21 28 1 97 96 99 39 50 19 15 75 52 27 28 6 24 16 3 55 43 86 70 84 61 98 27 56 80 38 40 48 6 79 84 3 31 86 66 38 22 80 80 12 94 94 77 45 52 13 5 80 64 31 23 38 43 69 35 63 60 28 78 98 87 4 12 96 52 76 7 3 22 81 83
11 15 40 46 66 80 43 15 43 17 53 52 46 13 68 97 25 75 96 72 96 58 48 96 30 51 43 80 41 79 47 14 58 40 93 90 45 45 93 86 46 43 64 98 29 27 40 13 5 15 95 77 44 42 32 30 78 44 60 10 63 66 98 1 59 34 99 4 56 78 34 73 93 92 68 75 62 49 50 37 16 30 9 47 52 65 20 45 16 38 84 67 93 95 77 80 30 16 11 13 42 39 72 23 72 67 11 10 28 56 27 84 39 8 18 49 93 20 82 46 30 35 58 27 27 72 25 13
39 31 81 91 68 21 91 92 67 76 78 91 16 58 3 64 97 88 97 11 89 67 22 37 88 93 57 42 65 46 4 48 84 34 53 45 33 73 65 28 92 9 72 41 56 25 15 52 83 53 41 41 74 60 22 1 99 68 65 96 98 25 51 86 23 2 98 75 95 0 76 27 82 77 18 60 77 9 48 4 63 21 46 82 18 29 34 55 24 21 64 67 63 92 39 27 87 88 6 44 64 3 91 95 84 53 49 85 27 63 99 29 93 50 16 59 19 37 21 48 77 91 59 1 70 21 90 24
70 19 86 56 22 12 85 49 34 10 48 59 25 30 68 33 79 97 22 14 42 1 75 70 84 24 56 24 41 97 80 0 39 0 74 10 97 72 81 22 2 42 6 24 70 64 14 70 46 99 60 58 66 38 52 65 13 75 34 48 4 72 98 52 19 43 84 48 46 80 57 66 32 23 29 65 86 61 29 92 70 98 88 1 47 60 23 78 92 93 39 55 4 37 91 53 25 65 1 12 70 58 92 29 94 25 83 10 13 61 17 39 78 70 36 63 71 60 78 54 40 14 63 3 10 17 16 57
81 20 55 5 1 55 30 74 34 60 52 80 50 60 18 82 49 6 9 43 46 51 34 2 60 73 45 50 82 55 13 82 40 41 34 62 36 36 55 40 65 96 49 78 4 73 6 4 84 32 3 22 46 91 31 10 4 37 13 71 12 62 52 52 67 53 13 77 91 36 75 40 39 6 49 61 63 29 35 96 65 30 19 76 6 17 30 88 81 85 21 7 80 8 61 22 85 72 59 28 38 17 80 81 84 96 79 16 99 79 0 20 96 11 48 47 81 42 83 42 34 91 38 10 60 43 46 90
17 96 45 8 79 15 20 10 81 37 25 73 71 57 79 89 95 71 2 68 54 35 23 21 26 98 43 0 71 83 90 79 94 61 15 48 86 62 42 12 99 92 72 21 43 97 5 52 52 87 92 68 59 30 10 32 8 55 30 91 50 62 99 21 11 41 42 59 99 73 27 58 55 7 86 28 89 52 57 48 3 77 32 36 4 32 93 4 75 1 98 66 73 61 3 26 11 26 76 37 37 88 6 37 55 92 3 54 4 36 69 83 15 64 6 74 20 11 97 15 60 54 86 35 17 22 22 47
52 88 63 79 99 8 3 54 96 9 87 67 90 96 33 57 83 36 82 2 41 21 77 8 39 10 95 17 10 86 90 56 43 56 42 59 55 41 87 91 46 49 76 89 72 45 84 15 28 22 76 67 70 51 78 43 99 87 25 12 76 96 32 43 13 64 86 70 70 19 2 98 76 58 68 47 39 66 92 47 17 27 33 14 10 42 78 40 73 37 69 27 84 61 26 7 36 43 22 31 28 75 16 23 96 98 69 63 8 19 34 18 51 36 22 26 27 5 95 77 19 96 14 31 47 71 18 77
57 76 86 12 24 37 76 52 8 99 90 24 99 88 54 95 22 44 16 85 7 92 70 97 81 12 12 50 79 10 54 93 39 98 40 61 72 27 79 81 66 64 22 53 14 91 91 48 2 73 92 2 0 64 64 69 60 14 2 74 21 59 11 43 45 94 79 46 49 19 51 36 38 40 6 32 22 85 0 35 11 91 75 85 66 69 30 74 8 85 18 16 67 62 88 58 80 67 43 15 69 28 82 21 47 92 58 56 25 22 67 12 57 7 72 21 80 21 53 83 55 72 39 34 56 67 19 10
5 46 98 81 10 89 28 25 84 14 48 42 46 42 71 39 4 63 7 56 8 90 28 2 34 96 48 31 17 80 56 18 56 39 75 58 60 11 26 71 97 46 16 92 95 11 40 63 3 7 21 61 57 54 71 65 58 70 99 85 6 62 14 43 40 19 71 4 20 70 49 94 95 92 77 56 91 87 37 94 34 34 46 2 73 56 6 89 48 77 84 72 69 89 95 43 0 38 81 10 46 34 17 48 65 42 69 12 55 47 9 78 7 24 2 65 80 71 51 3 96 31 53 29 68 2 16 34
20 98 47 3 80 91 23 26 50 19 30 40 18 37 39 81 25 6 31 26 86 44 12 11 18 11 45 20 43 74 87 98 27 13 71 10 81 89 84 26 27 66 72 75 83 65 67 16 70 44 56 81 99 15 95 35 25 87 71 49 4 13 56 9 6 62 41 21 64 38 33 22 67 41 90 21 0 35 92 99 22 42 34 93 44 78 79 54 22 57 82 99 41 33 58 97 74 45 13 63 6 99 51 48 48 52 40 97 1 47 50 59 91 99 1 17 57 38 95 94 94 2 32 16 24 73 91 90
42 2 49 11 44 74 9 35 20 24 16 51 83 48 44 46 36 46 0 91 39 51 78 6 3 19 17 14 57 70 67 48 20 4 91 56 27 59 70 6 89 63 2 92 88 0 17 23 1 82 9 1 99 74 74 24 78 79 97 69 37 21 68 29 92 18 52 35 85 76 87 9 80 93 41 90 9 44 23 48 67 1 44 17 48 73 79 52 79 59 91 14 15 38 77 48 15 8 40 65 61 79 56 50 5 18 40 28 76 30 49 21 64 1 54 40 94 28 66 7 74 30 56 67 37 10 39 6
53 28 74 21 26 35 23 61 54 21 58 86 50 73 61 39 24 2 46 44 82 40 15 44 54 54 17 84 31 95 68 79 73 74 10 41 95 89 11 76 72 13 46 77 57 54 21 46 45 87 78 91 17 77 65 19 85 77 99 49 28 15 87 21 6 59 74 46 59 7 62 20 29 91 79 68 99 51 22 77 21 56 97 74 8 48 95 73 78 83 3 87 15 31 10 18 76 43 64 99 13 74 7 54 38 13 55 94 21 61 42 69 77 43 42 42 12 74 98 82 68 75 33 28 0 68 14 34
1 17 30 43 63 17 48 54 86 37 86 91 68 77 67 11 65 31 9 15 85 80 45 58 29 48 63 95 36 98 41 81 20 40 4 13 54 99 7 37 50 9 93 65 85 62 49 70 18 38 62 58 65 9 64 84 1 87 91 24 89 31 66 52 26 17 26 9 79 41 6 13 48 20 98 41 38 35 38 34 34 43 19 9 11 87 50 53 61 67 99 27 67 75 84 60 8 6 39 2 28 53 42 73 1 27 74 98 80 17 66 48 41 25 67 60 0 64 75 64 41 87 75 74 50 14 80 72
18 0 19 65 17 29 88 2 14 85 36 20 37 31 56 21 65 25 90 49 22 82 93 72 59 49 7 78 95 50 25 30 67 26 31 16 45 48 66 60 44 76 83 25 81 10 67 7 35 7 9 24 8 74 76 62 51 18 47 57 43 11 40 29 19 80 97 17 78 71 33 74 32 42 68 17 90 62 14 20 78 36 74 72 45 70 3 57 88 19 8 13 32 12 32 73 2 24 20 77 96 25 61 22 54 72 61 5 57 80 83 46 29 72 4 34 28 71 83 4 44 98 71 53 86 24 3 42
28 18 48 63 4 69 75 29 5 51 13 46 21 72 93 12 12 10 10 32 12 17 1 19 59 78 70 79 82 58 11 66 5 96 53 82 84 0 14 8 10 96 60 78 63 20 85 59 14 77 59 97 71 61 42 95 50 3 52 58 4 30 20 92 91 89 16 13 55 2 6 97 40 15 39 65 57 38 70 24 43 50 42 91 57 58 4 52 42 24 93 67 62 60 74 7 20 88 48 11 5 87 72 26 40 54 98 38 49 80 54 42 42 87 94 53 45 66 91 43 10 74 3 73 65 52 90 14
29 36 66 19 14 44 96 90 0 11 27 40 65 86 18 36 87 29 48 91 37 41 98 92 56 45 70 43 19 9 66 80 51 7 89 67 72 98 21 37 17 46 90 50 52 15 82 48 53 82 33 88 39 55 34 78 71 69 34 94 12 89 52 48 24 21 58 33 31 46 96 89 30 51 9 54 74 15 42 45 13 97 81 58 89 12 91 18 94 97 7 12 13 49 14 31 11 49 81 81 72 30 65 48 82 8 31 87 91 4 40 68 42 60 24 71 6 2 19 77 41 83 59 31 55 29 14 8
20 7 40 61 10 54 77 19 99 12 59 48 99 47 54 39 92 58 49 51 19 2 49 0 66 6 50 42 34 86 70 66 12 27 24 12 22 17 46 71 69 58 75 31 36 33 72 23 12 90 6 3 17 3 89 27 83 29 40 39 66 52 48 23 31 34 10 23 65 15 29 91 92 84 17 29 25 10 96 1 42 64 4 6 44 21 2 26 14 87 11 69 8 92 63 66 22 55 29 89 16 30 43 7 16 90 49 85 17 1 50 13 67 37 97 85 28 60 6 57 17 15 74 29 12 45 85 44
34 32 80 99 51 77 39 34 44 6 11 84 63 65 80 93 54 74 62 22 40 80 50 17 97 46 10 20 37 21 88 47 72 72 12 12 11 19 94 47 39 9 23 95 68 98 62 70 25 20 80 95 80 78 19 52 44 88 44 19 48 0 86 11 84 66 31 75 15 59 55 35 94 73 47 97 40 44 5 43 72 60 49 14 24 79 76 2 17 34 80 38 6 77 30 73 38 94 23 59 8 29 46 58 1 9 94 50 94 13 11 2 78 88 31 99 13 52 93 72 78 34 49 99 69 87 22 37
58 29 6 59 14 32 77 34 58 16 84 6 34 69 48 3 42 9 19 66 90 35 75 64 64 52 14 71 70 48 45 30 40 27 49 64 57 14 95 34 74 97 60 52 1 96 72 64 51 27 20 8 56 78 65 35 42 32 49 99 59 75 8 46 70 2 1 17 68 42 90 15 17 7 29 21 37 25 14 4 38 28 55 95 7 84 67 30 15 14 68 84 33 95 94 9 52 82 63 32 94 76 93 67 27 17 13 76 10 41 55 70 43 99 50 28 39 92 7 4 22 81 54 27 87 51 23 55
51 64 52 65 48 47 83 91 47 48 70 6 13 4 92 6 97 12 50 32 29 52 10 20 74 49 47 32 21 33 29 72 67 80 66 99 75 43 45 46 92 75 61 82 81 8 85 58 71 52 45 56 59 29 98 91 19 5 17 97 82 84 26 70 65 16 85 56 76 62 57 25 79 92 20 52 38 14 23 17 60 63 2 39 21 47 34 14 64 0 74 77 96 63 16 62 15 58 31 66 54 26 90 28 13 75 87 75 64 56 51 24 57 86 79 54 57 3 82 96 56 53 92 13 71 26 78 87
83 83 70 65 76 94 78 88 92 30 34 9 12 91 22 83 64 29 44 10 89 21 24 74 36 36 0 82 83 93 16 31 88 29 89 78 82 41 74 63 51 94 41 92 0 97 14 31 86 97 78 65 59 82 49 89 90 20 38 87 33 44 39 23 43 70 31 14 19 9 0 62 63 41 25 79 8 76 39 21 23 1 56 55 80 87 19 45 97 91 64 25 5 21 62 25 59 70 66 45 97 8 66 31 46 88 81 18 63 15 97 72 4 65 83 6 6 15 49 2 92 73 37 89 81 91 91 95
65 54 81 50 0 28 49 9 47 56 90 10 36 83 49 25 89 37 31 83 38 18 61 59 40 70 21 13 5 53 43 39 82 77 28 35 36 93 31 79 62 18 43 7 64 80 95 14 12 14 8 31 21 18 22 74 45 0 68 40 42 48 83 85 13 59 55 79 14 81 89 6 3 75 19 55 25 68 17 4 64 98 68 65 0 69 41 74 60 73 53 42 66 70 58 32 48 54 77 12 55 13 81 57 42 66 34 57 3 15 84 71 56 16 69 50 96 7 31 7 30 63 1 53 64 44 45 5
5 77 37 15 82 95 19 99 78 14 61 44 75 63 79 2 67 44 67 86 63 9 65 24 87 47 91 79 33 79 73 21 80 59 55 13 6 51 93 10 52 71 81 0 64 31 18 7 20 32 56 56 90 1 86 60 6 92 12 9 84 9 75 4 84 26 98 8 13 62 60 40 21 70 49 62 13 29 92 81 94 85 38 51 98 61 62 14 38 63 8 87 19 94 70 89 53 82 24 11 3 84 65 3 48 12 60 98 95 18 68 42 92 90 2 83 93 32 17 37 74 0 12 5 36 91 4 46
66 15 34 86 88 45 0 33 69 63 53 98 18 43 92 18 52 55 52 88 24 18 31 57 92 64 5 43 79 9 49 79 62 75 73 45 51 53 34 51 94 65 86 31 8 29 89 14 47 37 49 25 32 7 26 77 40 17 88 52 87 57 99 68 26 65 29 47 82 24 30 88 19 19 57 20 25 60 68 79 18 60 60 7 74 64 50 78 57 22 70 75 53 99 29 89 25 28 81 63 66 30 46 92 42 12 1 18 88 8 64 15 90 60 75 10 47 70 88 37 41 45 78 96 29 3 64 44
91 76 12 12 27 6 27 14 21 5 51 61 11 77 47 15 3 33 66 6 76 66 76 55 94 50 96 32 92 63 54 3 19 38 64 69 52 47 74 84 27 54 75 54 56 56 74 30 69 2 24 85 83 54 61 66 23 30 75 53 75 96 5 16 58 98 49 47 61 42 59 13 76 76 19 54 76 34 52 69 54 10 8 32 44 24 84 76 17 21 16 88 22 4 39 92 75 85 42 95 92 30 27 59 52 69 43 22 40 20 34 3 99 85 37 82 23 96 91 42 57 17 83 49 27 66 89 45
53 15 11 34 8 8 75 56 42 88 70 98 74 6 63 97 31 52 88 38 60 79 41 93 34 60 80 6 38 82 56 48 50 89 52 41 97 31 54 80 84 82 99 38 71 76 27 84 71 35 41 39 21 39 36 36 36 89 84 63 67 62 95 42 39 80 88 73 94 2 12 11 49 54 83 6 56 59 71 44 57 54 75 88 44 17 76 49 91 70 38 16 99 43 76 36 57 94 29 55 52 45 82 95 66 13 53 58 70 43 1 98 63 68 84 42 11 73 30 38 16 22 11 76 16 74 30 69
18 74 21 37 85 12 58 65 88 50 20 27 37 50 97 42 63 78 30 74 13 56 92 37 18 8 85 29 78 37 75 54 60 91 25 20 31 4 77 55 97 66 22 20 38 17 59 95 38 41 84 89 55 62 77 46 66 2 56 31 16 83 23 78 77 4 59 20 54 79 88 63 82 22 32 79 61 3 10 88 20 22 49 2 86 82 94 95 27 1 1 44 91 68 41 7 18 47 15 82 25 74 59 48 80 1 16 35 34 52 63 78 10 57 81 67 98 80 29 42 17 74 37 34 77 1 35 88
61 92 1 77 59 54 11 51 38 3 6 14 66 70 1 34 92 54 60 47 13 2 33 55 3 23 35 46 77 71 75 97 70 61 92 2 47 15 67 64 59 37 3 19 22 76 16 17 32 23 20 85 4 90 60 10 33 54 4 58 53 41 38 83 78 76 58 94 60 65 30 92 15 93 31 12 37 91 85 46 47 64 89 66 54 26 90 26 13 97 14 73 42 32 98 74 41 81 21 98 24 22 11 17 5 92 22 88 84 1 36 16 27 48 38 22 12 85 71 53 61 45 14 41 96 61 92 3
16 60 83 20 66 10 41 36 39 84 13 66 2 17 4 43 19 86 27 0 98 31 41 25 33 38 23 23 93 98 44 45 49 28 82 88 23 72 98 18 60 95 97 17 56 53 31 84 61 85 74 34 46 35 4 89 48 92 69 0 57 92 86 56 23 74 79 18 32 75 9 80 20 43 62 77 69 11 60 5 48 39 79 74 80 54 0 59 87 53 58 9 11 39 12 13 14 59 52 33 11 99 8 77 99 19 15 55 73 26 51 23 31 83 6 55 0 26 89 45 6 80 74 87 18 94 80 12
68 82 49 32 80 96 98 63 76 0 66 77 77 96 3 5 19 94 5 5 84 1 91 57 19 8 13 84 57 63 95 98 87 10 55 6 1 36 30 59 25 11 20 90 65 59 20 12 70 27 53 45 42 26 28 62 64 5 56 75 5 5 62 44 65 20 0 45 90 42 91 78 24 84 81 90 39 65 35 30 19 65 65 21 60 93 89 17 56 13 17 26 42 46 61 33 36 86 19 37 44 59 58 48 53 43 26 14 9 51 95 79 64 68 73 30 68 26 82 15 48 25 57 98 10 58 54 47
54 41 43 55 57 70 6 84 38 86 30 0 55 34 10 31 11 91 75 29 94 26 37 28 31 89 14 30 84 82 76 37 76 80 50 60 59 76 39 28 64 86 27 29 58 35 93 41 41 3 3 96 90 29 5 65 16 96 10 76 20 65 25 20 22 92 17 39 7 93 86 96 21 59 21 97 45 34 66 48 0 9 63 36 21 60 9 12 26 24 34 99 83 0 88 48 57 93 59 6 65 5 6 92 99 34 48 73 93 94 77 44 38 97 30 16 27 35 58 56 51 44 58 45 81 60 26 82
12 61 61 8 48 75 13 66 55 54 24 76 10 37 14 70 77 85 53 26 3 54 40 38 98 68 94 64 61 34 5 31 57 19 90 67 46 8 39 10 60 43 89 17 24 7 39 66 38 75 93 86 72 42 62 6 70 31 45 68 61 28 33 48 48 21 6 8 72 41 4 48 53 29 52 44 75 94 11 43 35 74 32 80 55 91 65 73 74 44 41 31 55 28 46 39 63 28 66 99 59 9 27 77 7 84 75 90 61 47 80 25 12 14 89 53 56 16 40 44 52 19 76 27 16 63 99 67
79 11 60 10 18 45 89 11 75 31 35 12 22 82 20 48 16 41 63 46 1 20 97 12 20 96 87 45 27 57 57 80 23 46 55 37 68 15 28 76 55 78 40 26 79 50 36 65 10 65 5 14 64 2 57 58 86 2 58 98 89 49 57 66 93 49 25 81 97 56 28 38 57 1 88 80 24 22 10 12 78 49 60 76 42 5 87 44 50 93 85 85 40 60 52 10 86 55 12 13 31 43 78 18 38 92 89 14 89 59 71 24 67 58 99 21 62 20 61 6 50 5 95 41 52 89 20 51
88 40 98 63 62 73 30 68 74 80 93 70 56 69 17 65 37 41 26 33 96 43 30 68 43 97 99 6 79 53 53 40 24 68 57 8 92 56 88 87 63 51 97 36 14 99 95 35 23 32 73 18 11 40 20 49 71 41 63 21 97 14 47 27 91 37 4 50 14 42 24 62 6 43 27 17 78 53 24 40 6 49 80 10 84 90 69 31 80 53 84 82 40 28 30 30 53 45 80 56 37 57 78 44 76 54 89 28 76 61 3 92 83 53 32 46 49 92 16 48 11 9 54 75 30 73 46 56
43 3 1 20 66 3 53 76 41 50 56 58 75 67 50 71 77 98 68 56 86 11 42 85 56 26 72 67 25 71 76 46 27 3 91 77 16 24 47 46 62 47 59 55 92 19 87 90 78 14 89 31 6 93 46 18 21 7 97 47 98 38 27 49 73 18 3 31 35 93 96 86 5 40 16 26 3 81 77 25 12 16 81 41 15 47 63 46 86 50 87 39 90 65 54 62 85 77 73 53 60 16 18 68 46 95 4 52 75 29 32 29 44 8 22 36 13 14 97 92 2 69 91 86 98 73 65 54
14 96 69 61 61 10 39 65 21 1 95 89 13 28 83 81 56 34 48 29 59 33 34 93 56 3 77 27 63 32 48 7 89 3 52 67 72 19 78 26 40 35 68 18 76 69 72 39 4 85 8 80 78 73 61 34 97 31 8 37 98 22 62 41 44 95 43 37 22 92 68 63 49 23 58 51 71 74 16 96 44 24 42 45 39 97 58 0 34 21 8 55 39 43 28 21 62 61 42 69 78 29 86 19 29 8 95 87 32 48 17 23 84 85 11 79 19 69 76 52 1 54 35 91 13 68 55 68
58 85 46 21 48 36 53 49 24 83 18 30 45 13 7 23 54 77 61 1 3 33 13 82 75 80 62 74 36 57 84 82 61 50 45 38 99 97 73 22 3 44 0 70 89 58 14 63 19 93 21 16 0 0 90 30 17 46 25 15 31 44 61 19 54 91 44 72 8 70 64 53 83 57 46 46 69 80 72 2 31 84 15 27 44 77 78 47 35 48 10 76 64 24 8 18 20 91 24 37 55 61 33 34 43 60 89 35 43 9 11 65 12 83 13 98 37 0 67 37 34 50 50 88 91 26 37 19
