36 52 70 78 59 10 57 95 55 18 2 38 16 99 97 5 59 56 7 55 64 41 92 6 89 27 26 4 97 63 0 47 78 48 89 6 13 64 20 28 11 79 94 59 10 11 63 12 43 23 7 87 89 18 2 29 54 6 38 94 24 57 95 5 61 8 27 35 21 3 66 84 62 66 66 18 29 63 28 89 32 63 57 33 36 18 14 38 12 22 72 6 93 17 26 49 1 62 77 30 82 10 1 75 73 15 78 28 86 81 17 65 66 87 46 70 62 14 74 12 30 75 18 74 94 50 1 14
21 7 68 2 34 93 39 2 52 98 2 24 85 11 33 50 3 73 9 71 63 11 82 93 16 1 27 14 13 85 35 71 61 65 83 91 61 81 86 50 16 41 45 36 7 35 31 63 12 47 29 51 18 55 15 96 8 32 4 87 20 71 23 65 63 11 23 29 96 20 55 73 41 0 36 10 38 14 83 97 17 99 66 76 48 83 71 22 48 16 82 91 91 60 81 85 66 54 51 81 37 67 82 80 85 52 84 57 51 56 17 13 50 71 45 80 20 39 10 63 43 71 76 29 9 78 21 14
93 19 62 83 84 82 64 62 8 49 38 24 26 8 85 87 48 75 19 43 78 74 55 13 29 87 51 51 75 97 36 1 89 55 0 9 7 99 44 2 91 98 97 90 1 28 27 56 48 50 20 42 25 26 95 92 19 84 16 72 15 88 20 16 38 33 79 0 92 93 90 90 81 11 59 47 18 9 97 19 63 69 25 6 11 24 40 3 97 48 72 70 4 1 43 31 42 32 99 72 94 45 40 43 57 78 25 59 84 75 35 97 53 75 80 55 40 35 69 95 39 30 56 94 64 83 86 47
7 67 80 0 27 19 77 43 62 56 69 11 92 78 51 71 53 28 57 98 85 54 91 24 1 79 96 63 89 76 47 29 19 78 18 89 26 75 59 0 99 82 14 78 71 97 73 71 98 31 72 93 35 73 99 73 50 81 43 37 81 7 55 87 34 33 17 94 35 20 25 17 87 84 42 70 88 90 63 11 57 16 87 39 84 19 43 11 63 25 11 94 94 69 96 83 81 57 12 5 15 5 92 42 18 40 11 96 17 5 52 30 33 52 7 73 44 65 46 56 73 38 96 84 48 37 41 49
91 94 56 48 45 74 1 99 90 61 14 91 87 29 80 34 68 70 15 35 81 42 77 2 91 53 49 33 91 89 41 86 6 62 51 95 53 30 41 53 7 94 34 54 91 51 24 93 36 76 93 53 42 34 29 67 95 2 8 7 20 60 0 6 2 62 50 37 69 2 2 87 66 19 14 24 86 26 31 63 45 60 71 44 84 6 43 96 5 61 13 33 89 10 68 16 82 23 1 11 93 62 30 47 61 73 78 69 63 86 42 26 75 88 46 89 66 29 36 42 16 96 35 40 19 20 17 59
67 28 21 17 75 21 24 12 7 6 13 67 57 93 66 39 54 17 33 21 49 58 98 13 21 48 25 67 78 13 71 90 68 9 18 53 33 44 99 10 39 71 16 13 69 65 4 99 68 64 24 62 26 81 79 42 55 15 9 78 37 11 54 2 49 86 12 46 71 96 43 60 74 73 67 5 18 55 1 14 19 40 3 21 78 69 59 53 60 5 36 95 0 39 49 12 7 78 10 91 65 5 40 53 55 61 92 48 90 75 24 81 0 62 28 59 64 82 28 44 14 2 19 3 82 36 84 62
24 65 64 77 27 44 89 53 38 76 39 86 66 44 99 54 56 76 49 56 99 8 85 31 90 31 31 45 39 87 0 19 13 75 41 57 65 36 69 85 40 35 50 39 72 78 61 65 55 2 1 24 92 24 62 75 4 35 18 38 72 90 15 31 67 13 49 98 8 47 56 20 62 39 2 4 85 28 11 78 66 97 66 18 42 98 81 63 79 77 62 59 0 36 97 15 29 33 99 16 71 86 16 39 33 57 3 47 28 72 93 82 27 80 94 41 68 96 30 14 23 99 26 76 45 70 92 79
26 67 79 99 69 98 15 85 48 90 91 85 94 97 46 35 50 30 3 2 66 13 67 16 58 95 26 94 69 5 43 23 99 92 96 13 95 58 7 24 48 51 84 49 82 89 67 28 68 72 2 90 2 11 8 46 50 23 43 20 49 41 51 8 98 0 25 69 54 58 5 95 1 9 91 80 31 29 3 24 68 23 2 49 4 81 6 55 28 70 98 40 35 99 10 36 88 80 45 1 11 24 96 53 27 58 49 3 4 74 85 50 36 15 51 55 22 38 74 31 66 65 9 26 6 56 77 57
7 52 52 67 49 53 57 1 16 91 19 10 78 25 63 56 20 87 30 63 1 59 0 63 25 13 18 70 55 74 60 29 67 16 80 86 1 3 12 99 23 23 14 57 77 43 74 2 62 64 46 59 36 68 21 70 67 68 17 9 13 11 23 94 83 59 75 91 63 63 38 7 98 91 60 70 24 98 60 51 5 54 45 22 68 76 73 33 18 17 77 25 10 66 33 8 15 13 90 72 73 24 13 92 53 36 81 82 45 62 3 43 78 61 88 33 65 73 26 95 18 95 44 96 36 33 73 91
50 34 41 48 39 71 4 43 10 60 58 72 18 16 49 31 24 39 29 70 12 24 76 45 95 7 27 91 27 53 36 93 44 98 59 85 53 89 17 90 39 83 64 72 98 79 49 72 43 21 54 40 26 49 36 47 64 74 21 0 75 92 0 76 13 42 30 59 46 7 60 17 1 87 93 46 97 74 93 8 62 10 2 27 82 99 72 67 35 86 47 68 29 57 37 32 69 27 74 61 58 70 16 24 91 17 21 36 64 23 76 72 30 17 19 87 21 81 10 7 78 1 2 14 96 53 46 9
0 65 49 31 52 24 97 54 68 33 6 94 47 18 66 35 34 90 24 94 18 63 97 18 84 89 69 77 13 45 86 14 13 52 69 83 61 17 34 38 32 15 85 75 9 54 83 54 31 75 54 41 44 28 3 9 90 4 60 84 84 4 85 79 28 20 75 17 89 73 62 89 42 0 67 59 30 28 19 17 59 91 31 90 75 55 88 74 72 0 58 19 84 44 2 69 59 76 76 28 76 73 60 8 29 29 23 76 32 21 90 22 39 59 44 25 76 38 6 33 92 79 90 61 86 77 90 14
32 78 63 28 3 6 89 71 0 9 26 7 72 63 21 47 65 28 38 59 67 75 50 34 0 23 64 31 58 43 29 48 60 25 39 38 64 39 14 38 74 79 37 36 1 10 85 28 32 67 82 18 70 20 4 19 86 83 55 90 1 1 81 95 42 13 5 9 58 87 18 24 26 54 86 77 32 87 20 43 66 89 55 78 20 68 5 55 48 56 74 92 14 15 27 99 67 87 37 64 79 73 83 41 7 40 92 59 7 45 9 18 33 66 91 85 54 89 76 58 78 22 59 19 24 76 97 90
2 55 5 13 42 43 3 95 61 44 48 47 33 99 87 95 54 64 78 6 15 8 30 31 69 16 85 6 57 6 52 42 56 44 17 82 1 89 51 52 26 71 51 53 80 33 85 52 86 52 62 67 68 91 87 2 99 33 28 60 25 73 86 65 40 28 73 89 36 18 21 13 51 79 45 24 36 72 4 0 40 1 3 19 70 84 27 43 26 62 49 49 16 6 6 62 93 71 45 39 29 10 74 37 28 60 96 16 74 33 87 84 67 53 59 63 23 33 44 86 7 26 41 39 52 40 79 18
41 21 53 80 36 3 46 74 24 30 40 24 50 39 78 83 79 47 13 28 50 12 41 11 5 99 71 40 45 46 63 65 97 51 39 72 50 64 78 96 7 44 67 78 71 26 0 26 55 24 83 64 56 34 46 61 50 3 61 82 42 56 70 99 68 54 25 80 23 14 18 56 52 34 48 41 19 43 96 81 97 21 33 75 91 7 96 79 76 67 46 99 32 90 47 66 5 49 51 96 71 1 16 1 11 43 87 1 12 95 77 24 49 57 20 82 5 29 71 55 80 37 10 91 74 60 61 60
34 54 25 99 96 99 19 51 43 68 86 70 9 59 37 62 67 30 25 20 85 66 13 62 77 69 16 70 81 55 26 16 40 64 73 35 69 28 57 53 31 58 34 49 68 28 65 91 51 29 88 45 14 8 44 21 20 58 52 17 10 28 65 98 4 89 96 63 9 1 18 78 72 73 30 30 59 30 73 13 42 22 29 35 65 92 81 78 4 16 14 19 91 5 28 21 91 87 85 87 75 47 88 74 60 34 90 17 90 20 80 1 1 93 52 71 58 30 53 92 35 28 80 79 50 11 41 46
14 87 71 69 61 33 15 80 62 56 27 53 59 65 57 7 97 36 85 67 63 61 25 66 20 28 62 83 92 15 84 22 68 83 68 11 94 61 35 51 26 24 16 42 70 58 97 37 54 33 14 57 11 17 87 75 83 25 21 40 85 88 14 45 73 36 48 97 11 4 41 52 18 74 20 47 75 89 56 14 34 63 86 64 88 2 92 85 49 31 38 63 37 23 66 58 39 90 97 18 38 90 14 44 94 52 6 38 63 74 68 43 45 26 41 45 54 5 61 32 75 72 91 67 78 12 60 3
53 79 68 49 62 98 85 90 35 70 17 18 66 99 1 36 95 2 73 58 39 80 32 60 4 40 52 50 82 39 27 25 45 61 14 21 74 7 84 68 42 39 97 45 35 60 97 5 46 78 58 85 82 68 60 63 70 59 71 97 60 50 37 40 35 36 74 95 41 6 18 11 38 77 23 58 89 54 46 75 19 44 5 20 69 86 18 82 55 28 46 66 67 19 86 13 78 48 92 13 20 89 66 79 74 41 88 51 75 59 50 29 22 20 61 31 33 82 44 29 75 48 61 75 11 24 3 17
7 42 18 11 26 15 30 25 7 85 36 59 36 77 92 56 79 7 83 48 5 70 61 13 64 94 1 23 2 64 59 52 8 80 21 84 84 44 34 14 2 50 17 14 86 28 89 6 46 87 42 58 77 62 4 87 3 2 91 81 74 34 88 94 20 28 25 56 41 33 23 56 52 24 59 26 18 52 4 19 78 57 90 17 41 54 24 61 60 1 55 36 50 88 78 27 50 52 55 87 90 32 14 18 0 80 51 85 97 15 8 58 66 20 78 22 11 97 4 91 13 43 8 35 71 79 31 64
69 78 84 33 79 55 47 99 57 69 69 88 93 15 32 2 27 88 45 63 75 30 8 74 52 94 39 59 64 99 78 39 41 73 35 1 40 77 44 5 52 27 34 48 23 24 66 57 45 62 25 29 56 66 10 8 48 74 7 71 95 69 84 78 78 14 40 83 32 76 22 36 29 22 45 60 78 46 32 88 45 50 69 12 11 46 70 18 37 45 76 62 53 74 55 32 32 56 79 82 79 3 60 37 35 37 19 98 91 45 64 97 73 14 75 30 94 15 37 14 67 5 32 94 13 62 86 0
10 55 59 19 19 57 19 25 78 45 13 99 29 44 19 63 98 72 4 31 12 90 85 0 65 45 7 84 51 79 60 64 14 66 44 22 34 20 26 67 22 7 5 39 83 23 43 66 62 29 65 92 88 19 5 58 6 21 33 28 8 89 64 24 43 81 91 16 32 50 8 43 41 88 20 8 60 27 35 35 72 83 65 56 87 15 73 36 95 28 20 32 25 57 17 66 11 40 50 17 31 61 75 60 96 19 88 98 26 35 0 78 4 20 7 59 88 37 9 87 73 71 35 42 98 99 82 16
9 66 17 30 95 65 78 89 93 14 95 89 23 94 76 55 85 91 49 74 17 60 96 85 85 42 65 13 28 53 7 15 3 18 18 15 66 1 33 16 48 69 1 89 75 88 43 3 8 3 21 15 25 83 22 49 25 52 59 39 96 21 39 59 27 51 26 41 86 91 4 20 9 31 10 33 7 3 14 69 1 80 36 74 96 61 5 54 67 7 4 93 75 96 24 66 91 87 28 78 30 16 76 98 25 5 14 56 26 46 9 94 20 25 80 80 61 42 33 27 63 4 86 55 57 8 96 87
65 97 87 56 73 57 27 81 13 68 32 92 18 40 11 88 24 31 6 39 15 50 73 10 71 65 63 34 8 47 64 23 70 64 40 8 19 50 61 32 13 51 10 72 93 78 3 77 98 51 66 82 84 29 13 85 87 69 72 55 2 8 84 95 28 29 66 58 42 31 8 88 51 30 40 20 80 22 32 65 52 32 97 48 8 75 20 33 74 32 64 6 24 74 13 38 2 4 65 22 47 96 78 66 86 50 67 31 98 37 65 25 74 37 56 29 84 74 96 3 37 72 73 72 33 18 57 99
46 89 94 53 34 50 20 21 80 78 58 3 54 10 71 77 27 11 65 70 27 85 35 39 50 80 19 51 9 93 49 99 95 39 90 15 67 71 66 63 69 28 87 68 33 10 62 84 87 30 96 53 38 22 68 27 80 11 13 59 25 22 45 74 88 16 56 81 82 16 17 32 54 71 70 9 22 19 27 53 87 68 35 94 61 18 20 45 82 76 15 50 90 96 40 66 78 7 50 69 71 12 24 58 11 38 67 12 34 24 19 7 80 77 87 87 19 25 46 18 12 45 67 0 67 15 46 14
99 81 81 49 81 93 56 22 78 58 36 54 65 34 44 74 88 2 8 76 50 55 12 62 95 60 42 72 26 69 43 35 17 3 92 73 96 26 49 24 20 97 0 70 12 25 6 26 57 69 28 0 9 17 80 91 17 95 18 67 24 68 17 97 62 75 73 0 95 19 59 91 32 92 81 52 0 11 87 34 36 88 87 74 8 63 65 94 70 1 4 60 97 49 80 30 83 46 5 7 5 66 13 19 20 4 30 99 63 21 10 31 50 23 29 82 32 31 25 5 52 68 64 53 6 33 51 73
8 10 6 61 89 68 23 72 87 5 16 32 73 33 92 2 21 94 46 9 73 76 76 19 95 6 13 48 16 42 10 10 70 95 11 74 56 70 78 66 69 42 50 25 96 73 19 91 0 51 36 35 48 59 43 63 45 67 97 91 76 44 89 69 82 54 66 69 86 94 73 27 47 48 2 53 55 28 20 48 15 34 24 64 34 71 55 98 23 51 84 81 57 92 75 83 78 42 39 53 62 31 80 65 94 79 88 76 97 45 97 42 70 57 23 43 73 40 81 83 48 8 92 38 83 57 39 45
46 88 84 23 71 2 62 19 95 7 33 29 58 86 10 28 92 15 56 0 97 21 96 47 14 13 30 84 45 79 58 2 26 76 90 78 35 87 49 0 50 20 79 83 97 5 33 46 95 19 56 2 82 6 1 86 74 94 76 84 11 58 34 19 55 59 37 6 92 61 25 47 43 1 93 93 21 69 90 62 73 70 75 18 46 8 73 0 38 33 76 14 51 28 18 84 22 69 70 10 97 31 5 64 16 76 45 39 50 96 27 82 34 58 84 35 39 73 69 92 74 19 42 65 84 65 73 66
44 98 35 78 1 71 13 64 37 99 54 90 95 19 0 30 21 94 62 68 76 0 9 50 19 93 42 25 72 28 98 92 69 1 33 19 33 72 54 28 79 23 14 27 91 83 5 32 47 91 13 8 69 14 41 62 65 98 13 72 80 27 7 95 22 9 27 66 62 44 10 64 43 13 1 57 87 49 46 22 4 86 7 50 98 16 34 44 8 56 79 52 79 73 58 64 74 24 82 10 13 54 13 88 73 18 48 49 22 12 39 53 64 68 52 50 44 52 30 42 74 46 62 49 88 23 93 81
0 17 47 64 88 48 85 52 73 79 16 36 56 33 70 92 80 59 59 6 22 73 94 55 25 13 97 29 91 20 4 47 36 50 25 18 99 99 75 96 7 6 60 10 98 25 82 6 81 87 23 43 86 33 94 62 21 98 10 16 96 90 29 42 64 76 6 89 39 80 41 22 39 16 17 34 48 62 45 54 64 54 60 60 40 89 49 57 74 2 79 11 27 60 32 85 71 97 20 38 72 13 79 2 91 51 36 28 66 80 97 74 44 88 30 30 33 48 97 59 47 50 23 71 87 11 36 2
1 64 72 94 2 33 81 21 68 41 46 57 76 81 25 40 10 1 69 24 18 14 84 33 3 42 64 72 38 65 50 70 69 89 44 41 0 14 81 51 71 36 51 15 61 95 34 82 82 25 46 58 16 77 98 38 76 82 53 89 93 27 70 48 41 7 65 72 66 55 9 98 79 41 39 68 12 20 95 71 56 12 47 78 7 12 60 70 20 43 72 72 39 9 11 39 32 26 99 41 42 93 10 16 33 47 64 59 46 91 72 66 3 70 76 65 30 2 44 99 32 26 64 41 89 48 16 83
26 5 4 92 75 86 74 43 13 78 69 73 57 7 12 42 5 81 9 54 7 88 64 93 61 81 36 62 64 79 99 63 36 29 67 27 33 34 2 39 38 99 74 33 40 8 95 74 49 35 49 24 95 80 49 93 40 47 59 35 88 76 29 73 87 53 69 40 62 6 87 75 83 26 87 31 45 21 54 0 24 81 13 13 78 4 54 21 68 0 97 83 9 11 0 63 81 2 3 64 5 12 77 3 35 28 22 37 55 21 25 47 83 93 98 44 20 40 75 86 60 39 31 23 6 89 24 30
15 87 60 54 62 60 45 93 54 2 94 61 3 76 4 50 88 69 60 53 89 94 9 25 16 96 9 53 73 70 15 52 26 71 64 88 23 98 47 50 79 74 67 80 56 67 74 95 5 93 63 48 27 47 2 75 64 51 60 84 76 94 81 79 29 1 11 41 6 47 45 34 1 46 92 56 47 35 63 6 29 37 43 15 82 99 88 45 90 81 33 46 82 13 63 92 53 67 36 26 44 16 60 58 87 41 19 30 4 40 72 7 43 89 27 76 47 91 99 65 84 2 14 10 67 88 79 65
77 73 8 78 59 20 49 25 34 51 11 88 9 42 24 60 75 87 50 20 54 63 38 30 95 28 82 92 1 8 57 69 39 2 7 86 4 9 32 98 96 20 4 84 31 73 42 51 28 7 89 70 25 52 86 44 66 34 58 10 4 43 68 86 84 20 46 75 61 53 0 26 74 64 68 38 78 88 30 83 27 7 96 49 28 0 64 44 21 45 11 29 49 13 86 36 15 14 58 46 11 96 49 22 75 43 47 59 19 63 28 10 66 89 94 50 24 7 60 97 26 76 6 91 92 80 17 57
84 97 3 59 3 30 27 8 17 52 23 51 56 83 14 34 6 7 33 92 35 82 70 1 50 64 87 36 24 87 8 31 38 65 69 74 4 68 7 55 12 23 79 12 94 94 8 12 87 95 89 5 66 77 87 22 93 89 70 90 38 72 63 86 4 51 91 40 3 23 69 95 94 41 25 76 24 23 37 84 10 10 92 15 14 49 45 6 62 77 25 6 7 75 26 31 83 79 17 93 65 93 84 54 70 27 4 78 69 61 26 35 40 35 71 49 72 24 37 92 71 35 11 89 8 67 10 57
52 73 45 92 62 46 17 16 85 62 86 96 8 37 77 95 85 42 59 64 70 45 85 51 14 25 15 38 42 45 85 7 34 7 78 59 22 71 47 70 94 96 7 61 89 82 86 10 44 93 46 33 42 59 51 14 86 20 62 0 55 92 85 44 44 51 11 58 48 26 25 93 87 40 58 97 16 74 18 30 9 40 9 72 16 37 69 97 81 64 6 16 48 92 17 25 66 16 22 69 59 72 79 5 94 9 64 73 84 38 77 83 29 38 32 54 55 88 54 94 18 83 86 72 36 59 24 80
6 81 51 60 50 66 17 66 61 90 91 87 79 35 1 67 90 82 82 58 74 8 28 72 8 90 21 38 80 57 35 76 80 49 55 49 52 34 71 50 46 96 19 68 57 56 83 88 11 80 4 15 45 29 94 29 91 27 58 45 52 37 31 2 15 87 35 99 69 67 57 27 51 5 20 91 87 46 68 83 68 51 49 76 81 27 87 98 49 80 47 10 95 82 46 17 78 76 85 2 99 12 73 75 77 41 83 38 59 9 48 43 9 14 77 60 34 19 68 28 52 84 14 51 1 40 81 73
14 25 2 60 26 84 65 20 75 74 89 36 8 6 22 99 15 26 43 3 73 36 53 86 29 69 86 72 71 87 47 90 93 91 25 17 94 89 51 91 85 17 93 76 78 60 54 72 76 97 28 49 11 55 8 67 0 31 81 91 11 42 26 80 59 25 99 56 76 96 39 30 16 89 13 25 91 52 93 86 77 32 29 25 40 12 90 52 46 31 47 22 49 32 40 99 57 89 57 72 21 69 9 28 58 19 36 28 10 51 35 10 93 39 67 13 42 48 67 69 49 31 66 22 94 74 95 43
76 34 8 55 35 26 47 14 26 16 48 66 36 30 51 3 50 0 26 78 54 43 35 11 95 92 79 9 57 15 39 2 37 15 91 2 32 21 28 68 67 7 14 26 15 93 55 95 34 38 55 32 23 1 54 31 69 35 93 86 74 40 5 92 71 83 47 70 95 60 26 48 43 34 76 33 57 30 61 62 58 49 73 47 72 8 44 41 58 75 46 99 55 28 33 83 28 3 13 30 43 38 36 96 35 28 54 90 88 48 98 97 63 83 59 59 48 31 57 94 3 87 7 35 3 75 0 42
34 1 25 94 86 30 45 74 34 98 30 29 50 22 28 83 2 29 31 66 79 78 23 37 71 96 27 96 28 38 92 66 71 84 3 40 34 94 39 49 67 56 76 96 30 76 79 8 79 92 98 72 3 75 21 29 54 80 62 81 21 91 55 59 26 0 88 82 71 78 76 40 47 75 0 47 48 55 2 6 75 41 6 84 7 68 71 67 37 18 50 30 25 84 64 27 21 46 39 21 56 78 61 43 97 42 30 88 53 7 0 14 43 66 89 72 20 21 8 38 65 32 65 61 30 20 36 34
70 32 35 67 12 4 5 57 55 40 39 66 53 63 22 73 25 98 41 42 21 65 27 14 71 80 41 6 18 35 57 53 95 26 28 84 91 26 91 21 62 58 37 55 2 66 74 34 89 56 58 35 82 57 23 43 90 33 96 52 85 95 6 22 96 51 5 2 84 78 83 38 1 27 33 69 2 82 7 11 14 11 39 76 54 89 28 90 8 71 58 30 0 51 60 39 99 55 42 43 69 77 25 67 67 43 25 91 99 65 21 45 36 74 72 67 11 22 23 44 56 62 14 71 19 88 59 43
17 81 10 82 81 33 29 77 42 68 0 54 34 42 95 85 85 72 62 82 48 72 22 20 72 48 29 63 15 52 62 71 56 72 87 57 15 95 70 86 35 9 33 4 13 81 64 3 66 48 45 81 1 29 61 87 18 96 57 7 13 96 12 80 81 77 95 47 29 74 0 3 39 10 60 95 0 64 43 64 31 1 60 41 70 29 3 55 98 13 31 52 14 6 0 24 98 76 56 92 39 79 94 42 58 22 57 11 41 35 24 74 39 98 4 50 51 2 11 16 44 61 11 37 62 70 86 42
92 47 48 17 30 73 53 57 27 19 65 65 95 35 45 63 4 91 22 23 71 49 38 59 34 30 8 14 98 38 30 20 60 62 66 17 26 15 27 39 94 20 98 68 31 30 3 72 52 87 68 54 18 89 53 50 84 7 39 71 10 70 80 51 44 39 96 79 43 92 91 32 58 41 74 90 46 95 46 60 81 48 82 3 20 58 22 8 23 86 89 39 26 71 90 33 55 4 37 77 38 62 18 26 48 27 59 7 74 51 44 97 75 40 33 35 50 50 65 86 31 4 87 30 69 46 10 24
19 91 68 47 48 62 32 87 97 20 3 99 9 99 27 88 36 74 48 99 20 31 26 99 89 98 64 97 14 3 92 65 18 89 53 47 1 54 11 87 61 88 26 31 74 31 58 86 8 52 99 27 80 10 35 23 0 86 2 99 86 84 82 82 1 78 66 19 89 98 50 58 63 3 75 65 67 26 97 73 41 90 94 68 66 96 62 99 49 40 16 36 38 73 15 70 57 88 83 82 39 85 11 49 35 23 7 0 89 4 95 86 16 14 16 50 95 72 74 49 53 9 14 41 2 48 8 37
60 35 24 79 0 27 24 71 32 46 67 69 19 88 62 41 6 45 25 1 40 88 96 64 12 78 98 7 92 94 45 32 69 55 73 53 93 92 35 57 0 81 79 40 40 89 17 61 16 68 50 25 99 48 39 59 85 84 49 38 84 35 72 94 59 94 63 97 37 38 83 87 4 90 8 17 43 66 79 43 52 33 31 67 54 61 39 34 73 65 72 47 66 77 4 48 35 55 97 53 3 28 78 6 0 15 51 54 62 61 65 33 18 44 77 41 49 8 43 94 33 34 8 63 12 23 60 34
10 40 62 80 85 94 28 18 33 92 10 55 65 51 50 96 33 60 76 76 0 65 74 63 83 12 52 9 6 42 23 31 61 66 26 64 13 17 5 20 82 64 72 51 96 72 11 61 91 46 54 64 67 12 39 19 60 38 27 62 52 3 74 31 16 32 98 97 49 6 57 47 1 72 84 89 11 65 56 42 15 97 66 38 67 60 90 94 10 17 68 42 26 62 75 79 69 52 52 77 33 27 10 37 36 5 16 87 53 77 77 0 17 97 49 19 8 9 69 72 98 91 70 88 9 81 50 65
97 35 92 54 98 68 61 62 89 93 40 53 3 71 93 42 52 48 88 72 99 70 89 2 57 35 33 36 22 58 89 81 91 0 19 25 74 44 93 57 73 52 52 47 84 28 35 46 40 8 71 38 87 31 75 27 5 72 16 98 34 14 6 33 68 61 91 49 41 83 96 0 32 20 47 92 50 73 78 57 30 67 44 58 59 5 38 17 0 75 33 33 50 63 10 2 91 19 44 99 73 25 44 50 48 25 61 5 76 54 68 13 9 54 60 43 71 59 67 13 65 53 66 39 70 73 97 27
63 30 12 79 92 37 24 52 49 6 9 34 47 44 98 90 1 71 40 18 64 73 73 65 82 71 65 15 56 82 6 41 17 32 57 99 14 28 24 58 74 67 98 76 9 7 72 50 5 14 66 38 1 91 98 22 33 50 64 72 7 29 78 84 14 67 28 33 34 59 32 71 72 9 18 54 89 33 86 21 48 51 86 33 32 23 58 98 86 69 32 17 75 19 32 39 33 40 55 16 5 21 1 32 54 9 48 97 9 48 51 5 63 39 38 40 87 38 62 32 64 74 57 38 63 50 68 77
17 10 5 4 55 50 85 91 97 43 76 27 17 61 56 55 30 56 73 88 7 95 72 47 74 91 51 22 18 15 74 51 49 10 80 35 2 41 40 2 29 72 76 79 49 20 21 16 22 61 43 19 79 71 32 76 48 10 61 19 64 91 93 36 58 11 72 63 27 72 65 32 96 11 85 99 60 54 34 16 78 86 7 5 89 61 91 18 99 12 18 98 30 29 16 36 81 0 26 91 88 73 42 98 95 10 40 17 24 2 5 49 83 60 6 20 69 17 26 52 1 96 59 22 79 47 66 12
22 61 56 80 37 85 76 18 86 69 34 72 32 52 62 62 43 79 18 74 91 82 37 8 70 5 89 13 37 82 29 25 31 10 87 44 26 99 10 79 94 68 57 87 43 42 65 0 62 57 48 94 35 56 66 64 9 69 74 88 63 90 99 49 66 97 50 79 75 94 39 11 54 50 89 96 56 77 17 84 95 97 41 11 57 28 98 82 78 61 70 98 97 69 60 6 49 65 6 44 70 4 42 82 32 2 16 87 18 99 36 53 88 78 17 48 65 11 26 11 52 6 71 17 5 39 2 28
24 2 64 55 66 42 29 25 50 33 69 39 65 1 44 8 45 77 70 5 68 8 81 28 68 14 35 49 89 8 48 7 13 96 77 31 86 14 13 53 20 54 1 76 97 68 66 87 49 90 87 89 64 54 42 19 27 43 34 1 11 53 67 77 98 81 51 52 56 80 63 91 54 21 73 72 93 4 5 17 31 71 51 42 26 23 10 97 13 37 73 99 62 40 5 87 51 38 46 48 23 88 58 35 62 89 14 9 49 71 13 94 20 1 37 48 75 25 39 41 85 91 81 2 46 75 40 17
93 57 73 85 75 15 34 36 32 13 33 64 99 3 93 2 35 99 95 92 82 82 3 87 32 19 52 50 22 40 54 66 74 7 38 48 86 44 70 35 47 22 8 96 15 21 96 82 4 82 33 95 62 45 48 79 37 23 2 57 0 11 95 97 17 96 31 68 94 40 78 33 8 97 96 61 89 29 35 32 52 71 56 80 1 76 69 36 84 20 51 5 2 95 46 12 17 48 84 81 77 17 70 40 3 28 73 0 55 2 55 97 28 83 39 12 79 48 65 35 16 18 26 76 53 94 55 84
81 3 20 9 41 1 95 53 69 27 69 19 29 65 5 81 36 60 14 21 89 48 49 39 25 60 33 78 26 25 39 48 4 69 16 81 7 18 20 15 90 4 79 42 19 4 3 74 34 84 44 1 29 38 2 38 73 14 17 66 23 87 97 41 38 95 55 31 83 66 56 3 28 69 49 95 16 39 47 51 35 98 14 95 72 45 76 77 88 10 80 39 60 49 82 17 92 36 33 54 48 28 4 0 25 80 89 49 90 97 28 25 40 60 18 99 40 27 96 0 59 18 76 42 5 2 82 36
46 19 69 84 12 12 22 61 85 20 94 96 19 93 76 15 12 55 58 83 27 14 43 56 28 96 53 36 32 5 32 97 50 40 62 79 42 50 81 75 45 27 69 88 95 55 32 26 66 50 82 87 37 87 83 39 36 87 13 73 16 32 72 9 71 36 12 7 45 31 51 78 72 56 73 25 91 76 11 76 10 88 62 69 0 92 55 87 19 59 53 95 76 97 29 33 52 6 61 90 10 14 2 15 1 12 14 22 53 69 76 0 16 93 85 85 5 92 50 68 0 88 22 31 72 19 25 98
90 37 80 89 7 95 66 34 8 22 97 14 58 29 42 38 69 7 48 91 99 61 61 32 80 96 15 61 64 77 29 27 46 1 21 20 26 90 56 17 73 86 42 58 26 71 28 56 98 49 63 96 28 4 45 26 97 35 98 22 49 46 9 97 69 22 98 30 38 31 45 1 11 16 23 52 96 21 45 4 2 59 77 38 38 27 78 95 0 58 10 64 20 37 53 88 34 54 14 7 44 62 97 21 9 53 2 96 6 38 26 54 74 76 31 54 74 6 78 1 58 96 65 40 42 48 67 77
81 14 99 96 20 4 49 9 87 57 8 46 56 12 11 88 45 80 31 83 26 59 94 6 4 39 90 79 96 84 40 72 39 23 73 56 70 38 30 26 28 75 21 27 52 72 48 17 49 4 34 65 61 15 97 81 89 64 66 44 8 33 31 65 16 81 4 93 23 36 14 67 12 85 94 20 77 6 12 2 49 66 43 69 73 51 49 41 95 43 78 53 35 74 27 31 86 14 61 94 66 32 10 95 94 98 88 92 85 46 30 25 28 68 4 23 87 9 14 89 49 3 17 15 54 87 44 28
28 8 21 84 54 62 18 38 78 64 80 29 87 18 37 91 77 35 90 0 89 71 39 32 73 41 36 3 62 86 44 19 99 71 81 74 28 74 60 37 95 49 12 34 37 64 67 92 58 80 16 25 98 94 0 15 16 64 27 97 48 81 37 90 96 1 86 39 47 43 96 76 11 52 70 25 43 61 66 86 16 95 8 66 47 55 81 96 21 42 26 2 46 77 40 13 97 35 21 82 22 40 0 12 7 28 77 98 2 66 44 63 30 66 65 89 50 91 79 25 89 76 75 86 47 87 12 57
90 69 62 75 30 33 1 31 76 16 83 71 15 65 82 26 74 40 0 54 75 7 94 55 21 25 60 21 91 30 34 15 7 98 12 74 85 37 88 99 8 38 19 77 14 54 13 87 89 7 21 15 53 64 54 43 41 79 24 79 94 30 12 14 87 41 12 75 29 40 14 17 81 16 83 25 46 22 61 18 75 55 58 31 28 74 89 79 29 96 32 80 60 25 33 6 26 57 50 98 28 46 5 49 27 14 16 6 84 12 66 70 44 3 70 76 5 15 22 81 18 77 6 33 9 29 21 58
86 20 5 89 81 47 85 15 77 59 84 8 9 11 95 44 56 67 98 74 76 57 58 10 80 83 48 16 96 15 25 13 72 35 80 58 32 2 92 72 59 86 89 77 87 19 99 18 20 30 15 96 34 31 90 74 81 69 97 91 35 77 97 52 51 22 16 38 38 87 62 86 86 82 14 77 37 7 61 41 73 39 95 62 60 38 10 6 32 60 17 18 96 25 70 33 82 99 2 55 53 68 82 66 73 99 6 12 47 47 63 74 45 63 36 51 24 71 28 47 12 33 18 45 7 32 79 14
7 83 54 60 69 9 99 87 42 50 68 6 44 11 57 66 85 8 58 71 76 53 55 22 81 10 3 87 61 36 14 64 25 32 53 29 74 98 48 8 6 65 9 95 16 82 61 10 6 83 63 39 10 88 82 15 95 53 44 42 6 76 51 15 12 27 78 38 38 46 58 85 19 51 45 83 57 79 93 70 23 27 17 44 35 16 63 52 29 55 45 17 9 79 12 78 91 79 73 0 29 51 11 69 81 89 27 57 92 26 88 23 9 74 40 42 58 14 1 70 42 64 63 7 18 11 58 25
83 22 60 99 94 20 14 32 93 0 12 5 34 67 74 76 9 20 30 74 31 13 80 82 73 59 84 94 7 41 8 59 5 23 67 51 76 92 90 98 33 58 30 7 87 17 22 40 36 14 7 71 91 28 91 74 63 21 78 65 97 20 58 59 48 19 13 67 35 31 52 61 28 77 24 0 79 27 8 10 35 37 54 53 15 10 48 41 25 20 0 6 42 7 28 14 81 42 55 27 88 96 50 46 28 86 11 29 39 50 76 37 15 57 17 12 77 27 67 67 76 19 88 7 19 57 73 61
13 96 77 38 82 29 87 46 40 21 14 91 76 90 80 12 4 10 52 21 40 9 19 52 78 89 96 27 81 37 7 38 11 83 66 29 89 88 88 32 19 80 22 1 22 91 62 4 63 87 22 16 48 62 86 23 19 27 11 88 75 82 57 14 83 79 46 43 61 13 3 69 2 79 47 31 39 45 53 20 70 51 71 23 47 27 26 54 69 68 6 81 60 78 22 35 48 71 75 98 68 10 17 77 58 73 76 83 34 78 50 1 1 58 59 58 48 53 11 25 73 55 81 10 66 13 31 42
49 37 11 84 79 15 9 84 82 98 68 12 11 49 17 93 10 44 80 95 45 98 42 18 47 24 95 5 86 41 38 33 9 81 64 20 79 23 91 91 42 46 83 67 97 2 9 72 63 4 3 38 63 58 74 61 45 28 51 42 29 87 92 50 37 32 39 66 51 83 30 24 55 4 62 48 45 60 8 61 85 10 92 4 37 60 14 64 10 39 2 92 40 40 65 50 70 97 70 55 80 19 64 74 5 62 15 61 23 82 58 41 20 46 42 34 96 48 34 83 96 43 50 57 93 67 5 36
99 31 30 5 69 3 55 35 36 44 32 5 30 29 44 85 90 73 19 56 26 53 54 82 39 7 90 29 24 33 10 21 90 72 12 65 2 40 96 99 73 92 23 76 88 62 51 14 16 7 87 94 27 12 56 99 49 20 71 62 27 60 23 61 43 97 76 99 21 11 84 59 6 9 87 50 57 13 76 15 44 86 79 5 83 32 8 51 71 32 77 95 63 9 25 79 60 25 0 96 20 47 28 8 5 39 74 73 22 23 11 42 62 19 64 30 38 3 92 67 68 10 84 36 32 56 11 40
85 22 94 77 28 51 17 88 16 32 17 33 42 53 18 48 71 76 79 0 50 50 58 74 51 32 74 5 97 12 70 23 89 38 10 80 84 45 87 39 93 74 81 84 61 88 84 99 14 94 52 50 15 6 55 78 84 76 90 70 0 43 40 47 7 21 72 77 44 6 7 20 23 68 17 55 16 65 35 36 37 93 6 4 37 1 23 71 15 68 48 36 24 6 67 73 86 56 40 2 76 55 92 8 64 49 9 28 90 17 83 30 3 76 34 50 89 13 41 66 54 37 39 13 95 0 61 58
17 62 14 60 80 86 76 0 12 85 30 21 52 70 91 83 85 43 20 41 66 86 78 22 71 42 75 42 37 88 19 36 84 27 61 98 64 51 94 83 45 57 7 60 6 61 32 12 26 4 86 46 78 98 42 15 69 28 69 17 53 47 84 71 32 42 39 30 55 82 0 46 63 5 83 15 39 77 92 41 19 87 9 90 66 97 93 4 76 26 43 27 29 2 94 8 8 61 31 93 0 0 71 64 91 65 18 93 86 5 41 82 0 50 20 97 20 43 31 20 80 66 77 39 2 82 14 62
85 43 43 87 75 70 37 43 78 71 84 53 32 90 21 68 72 21 24 68 28 58 73 64 34 8 25 59 10 20 91 75 32 51 71 77 25 70 23 34 92 71 59 99 33 98 52 41 90 28 83 29 64 35 58 95 20 26 51 44 22 61 84 16 82 43 20 21 63 85 18 0 93 22 72 41 75 17 19 24 47 26 14 55 6 11 44 6 22 92 36 83 77 31 54 89 82 64 75 95 43 73 18 76 49 94 52 94 33 44 72 0 14 17 65 53 98 90 99 31 30 14 18 48 12 91 38 90
89 68 55 3 28 54 11 96 97 11 12 50 76 15 1 49 89 17 54 31 35 94 71 4 8 14 19 3 83 78 38 69 31 22 41 99 22 3 71 3 92 24 51 49 24 57 74 35 84 42 33 64 16 48 34 16 66 87 18 20 34 33 64 96 29 31 87 75 40 8 22 9 28 37 58 98 24 61 80 34 48 95 52 67 57 50 8 87 33 19 5 44 85 66 44 61 39 56 68 14 79 68 13 45 67 13 5 76 22 39 76 45 66 13 74 19 84 93 41 13 90 5 7 22 18 76 96 85
74 36 43 67 33 5 44 29 72 82 48 53 77 42 81 25 3 51 56 89 21 0 91 42 77 87 6 83 47 9 60 28 71 43 2 74 30 51 95 39 41 2 60 91 7 34 30 20 81 92 79 74 67 96 69 25 83 94 85 86 58 71 98 64 20 76 49 91 84 49 23 97 24 43 87 93 96 62 12 64 36 49 90 97 91 30 67 97 91 17 13 92 15 57 93 77 37 23 55 3 75 28 78 80 63 77 25 99 58 83 58 72 3 53 93 0 30 46 40 92 28 3 24 6 11 56 89 79
83 57 26 57 66 61 54 68 37 63 8 91 82 98 16 36 76 76 47 61 59 79 14 86 8 43 64 57 6 84 24 37 2 30 97 22 94 23 79 69 73 41 73 0 7 46 88 12 85 81 45 88 46 71 58 87 95 9 42 51 73 71 50 15 90 84 88 48 48 76 90 50 18 40 8 68 18 36 33 82 72 45 34 64 61 71 38 0 50 27 0 36 62 46 11 51 53 71 58 43 66 31 67 47 71 61 58 72 57 82 7 36 29 48 94 46 14 87 62 44 6 52 30 66 49 12 52 98
23 9 93 24 45 38 75 35 31 86 44 58 10 44 10 20 5 49 61 1 47 26 31 32 4 45 96 3 0 36 41 75 4 41 41 57 17 46 96 2 89 37 72 11 28 16 32 67 68 40 79 55 82 26 15 63 24 26 33 2 54 63 95 29 64 66 0 99 78 90 48 98 22 56 40 72 2 31 51 37 24 39 55 79 17 67 90 17 52 66 57 94 83 17 84 88 56 90 50 41 54 35 35 82 90 78 63 57 16 44 7 56 42 46 62 31 14 12 22 52 35 15 15 15 82 69 18 61
71 25 65 72 90 91 12 43 49 89 44 67 96 31 15 59 82 76 39 8 71 58 16 66 54 86 39 39 84 51 63 35 43 60 78 75 16 32 66 37 2 61 18 21 86 9 68 80 0 96 38 57 16 75 58 12 51 96 30 91 51 65 59 89 46 66 33 29 56 81 74 64 72 7 28 83 75 67 38 72 56 39 58 67 31 57 17 61 37 85 26 33 82 28 29 12 92 53 25 66 54 72 96 1 8 86 95 32 9 97 69 63 13 46 66 59 39 18 54 32 64 94 40 41 93 34 90 20
38 89 62 21 7 6 96 52 42 96 70 60 83 2 76 55 69 20 5 33 83 39 62 67 82 31 45 44 42 99 78 70 61 84 35 62 81 86 16 83 81 48 82 83 34 72 20 14 32 94 27 2 77 24 61 84 19 5 22 9 67 85 68 99 77 80 81 25 72 1 30 95 26 15 93 70 14 22 88 47 62 70 31 66 74 72 88 30 55 17 56 69 29 31 45 55 30 63 14 57 36 67 18 87 40 24 24 87 48 28 79 65 20 24 5 4 81 92 27 98 22 77 92 14 43 7 46 99
2 48 18 51 46 79 71 83 85 76 5 85 75 67 95 99 37 76 7 43 63 47 8 19 21 15 6 48 20 77 97 8 5 10 5 23 46 92 15 2 92 28 59 11 8 42 63 45 60 42 43 38 66 55 8 52 58 68 5 81 62 4 48 44 84 65 6 48 99 62 30 47 29 53 73 65 90 53 29 15 4 85 29 10 10 95 65 83 40 97 37 87 57 45 69 0 29 65 63 72 66 33 96 29 68 25 79 51 4 4 43 21 76 67 34 78 14 6 21 38 21 70 34 6 17 85 78 87
10 12 21 50 28 23 81 62 2 64 79 84 47 44 83 89 66 32 76 81 39 20 76 74 26 65 66 77 32 11 78 89 41 28 19 29 33 51 66 91 88 26 2 46 56 27 19 34 25 18 86 31 35 31 66 78 77 87 55 5 63 85 62 74 78 54 47 77 52 77 27 62 81 72 28 2 95 32 4 4 36 52 12 18 48 33 48 62 23 12 88 54 78 25 16 74 96 63 96 37 85 81 83 0 66 18 18 99 81 27 39 49 15 99 49 81 21 43 15 21 76 12 33 53 85 10 13 69
8 63 2 71 48 98 39 14 49 51 86 37 58 5 96 71 61 38 83 91 74 97 46 22 40 70 58 42 88 84 87 69 43 0 2 84 66 73 37 26 38 49 51 31 94 27 77 47 45 51 27 66 80 66 17 64 92 79 86 51 27 89 87 46 94 38 50 66 27 27 99 19 37 94 30 18 63 35 83 5 49 24 61 33 13 55 11 1 85 59 3 97 74 69 3 56 59 38 73 55 85 90 55 46 77 13 94 2 2 96 12 95 92 23 79 36 33 49 32 64 81 76 62 10 22 42 47 50
70 43 68 17 83 42 67 24 39 52 62 60 26 24 32 47 33 9 91 61 19 41 32 53 28 5 32 15 80 1 84 19 90 22 98 39 9 3 36 92 0 11 61 65 74 48 18 86 44 59 0 22 28 73 43 52 33 80 66 18 13 67 43 80 6 65 4 0 13 61 73 10 19 89 41 15 69 84 1 9 72 2 23 84 34 23 23 15 21 26 30 70 66 63 61 82 23 58 80 26 45 28 77 13 85 18 54 80 96 55 59 70 82 8 84 81 36 69 78 49 43 88 74 51 54 47 42 13
58 88 44 21 8 48 66 4 60 19 21 81 8 73 90 13 88 31 84 70 91 24 24 91 23 90 40 83 34 24 14 56 62 96 79 63 12 30 86 62 62 95 73 54 86 26 35 39 23 56 40 71 45 14 77 17 73 43 94 77 34 95 30 47 39 39 38 99 77 95 79 36 54 58 21 44 26 16 44 39 68 15 46 54 12 6 34 19 76 66 83 91 68 34 26 99 25 49 48 80 13 33 93 12 59 19 95 10 15 20 33 55 68 97 60 42 32 1 74 95 9 59 0 50 21 16 54 62
51 12 93 52 98 39 74 93 64 68 64 46 15 18 55 99 86 24 59 93 8 40 75 60 63 84 60 3 78 35 76 67 86 58 0 93 40 11 90 60 31 57 64 90 46 86 29 46 46 10 5 32 23 33 24 45 42 90 39 37 19 30 10 43 78 18 49 70 82 60 8 51 4 13 9 75 82 4 94 60 33 41 97 52 49 97 71 24 15 42 12 44 70 47 43 37 3 62 55 34 50 44 39 10 13 52 34 23 58 36 77 4 70 7 74 32 70 21 71 42 33 80 45 26 64 53 24 17
8 15 91 81 16 2 78 53 86 36 16 29 42 14 66 7 67 28 5 85 59 92 53 50 71 93 85 46 87 25 42 99 27 27 21 32 17 85 99 97 61 90 89 27 88 24 92 98 9 28 34 42 24 0 7 57 86 15 7 85 27 43 14 66 0 88 52 91 37 10 32 31 75 47 90 24 10 40 38 30 34 99 54 96 77 76 61 12 99 22 22 78 76 41 39 61 92 46 70 68 19 12 90 1 32 90 18 50 20 1 83 30 5 96 30 57 34 93 4 99 39 41 79 97 72 27 31 96
72 92 49 98 73 40 61 79 18 12 11 5 54 12 18 38 56 80 86 66 0 91 48 87 72 78 75 47 95 53 43 16 54 24 26 37 59 41 46 69 5 94 7 41 50 85 26 34 58 24 86 81 34 46 73 56 85 37 63 69 68 2 86 89 51 75 60 60 38 89 55 10 22 13 95 85 68 58 88 3 99 73 25 36 5 28 87 92 39 34 18 82 62 57 45 2 27 30 92 3 2 36 58 24 56 2 71 49 90 76 73 43 4 99 56 68 47 14 77 40 97 57 22 9 14 15 83 63
22 98 98 97 69 88 52 33 29 87 36 83 72 91 20 24 32 24 74 11 18 95 74 10 37 65 2 72 16 79 29 63 65 51 8 35 80 30 97 99 51 5 27 61 80 77 57 84 35 79 92 20 0 64 70 81 36 61 62 72 73 4 63 10 44 10 68 42 0 76 72 8 24 88 33 30 61 61 20 78 98 79 35 20 83 57 61 13 89 61 11 53 89 15 87 59 64 31 45 62 35 29 94 10 65 56 19 68 16 10 81 14 27 90 94 79 43 60 76 46 14 36 79 53 30 5 49 1
89 75 24 46 81 2 81 77 96 41 48 4 80 70 22 42 97 98 54 58 45 37 90 12 90 85 78 30 71 64 35 27 66 18 37 67 73 42 29 38 13 80 61 96 84 5 0 72 75 26 95 88 18 35 10 81 80 34 6 15 27 91 9 71 98 68 81 22 94 49 75 22 88 13 10 13 6 62 10 49 14 63 33 60 42 56 12 64 69 42 21 93 59 36 20 9 58 68 80 8 42 84 20 98 22 97 78 86 97 60 37 69 76 49 82 24 92 69 26 67 15 66 51 0 76 55 79 8
16 9 69 35 70 58 29 77 65 45 79 39 86 93 66 93 88 42 69 54 2 83 18 40 9 27 45 80 46 11 67 60 46 56 78 67 65 95 79 10 78 58 58 82 69 26 53 27 82 37 25 39 79 90 41 40 25 38 22 50 85 56 14 88 69 22 54 41 89 18 17 69 67 55 32 72 64 35 42 32 87 63 62 83 22 66 98 20 56 48 83 80 55 70 41 4 81 67 52 84 76 17 51 77 98 7 6 45 56 87 8 24 41 95 81 85 19 94 94 36 72 27 91 79 62 25 10 33
53 11 67 73 40 76 13 21 99 93 40 46 50 48 51 56 56 43 3 84 43 72 55 78 4 41 44 84 89 61 2 77 75 53 26 32 67 0 3 8 39 77 19 35 2 65 76 43 46 66 2 37 18 76 39 43 42 47 5 73 78 44 68 51 44 45 86 35 98 14 2 2 44 16 38 11 60 42 84 92 13 15 70 10 8 56 92 55 79 36 59 15 29 69 60 32 83 47 5 95 38 49 4 73 21 61 50 55 83 41 64 92 63 13 26 62 15 9 53 58 71 77 42 11 10 65 17 65
72 85 78 32 18 10 18 86 57 93 63 39 4 22 46 69 11 95 89 38 15 41 82 75 16 21 9 1 95 45 55 86 6 13 68 68 77 47 11 72 49 66 4 42 28 89 56 53 6 77 37 89 6 18 52 89 98 52 88 15 28 51 83 7 78 22 82 38 38 58 61 45 25 33 88 62 73 99 69 16 16 80 49 36 71 39 55 7 60 30 47 29 87 19 86 0 21 25 40 3 0 13 21 25 92 55 0 90 45 49 62 62 57 15 79 46 9 37 70 3 46 39 81 85 35 9 56 56
60 17 72 65 4 38 37 7 62 40 69 0 56 7 40 78 10 46 31 18 74 22 0 70 72 65 34 47 97 46 52 90 46 35 51 99 68 66 11 82 68 0 50 31 41 13 95 53 93 43 14 2 23 8 53 47 66 41 20 80 57 23 24 24 80 45 32 75 16 2 76 59 32 54 83 88 25 96 75 90 43 93 2 66 41 75 74 55 58 37 40 28 20 37 60 60 87 96 36 72 82 82 68 96 66 53 70 54 38 23 16 77 38 81 44 61 67 45 26 47 19 24 98 81 90 95 17 52
30 46 36 99 75 95 20 20 97 59 50 68 25 75 33 18 66 99 39 47 47 77 39 33 36 86 76 63 15 25 27 8 17 39 83 0 97 99 45 48 81 76 52 70 17 53 7 32 76 18 87 57 35 84 71 64 89 31 36 24 97 92 96 51 26 25 32 85 12 95 94 94 71 30 17 68 7 13 62 53 25 4 40 9 59 53 97 8 68 4 16 42 60 8 15 66 48 37 77 45 16 96 36 2 78 21 92 81 22 96 45 28 66 25 30 0 94 90 43 37 83 73 85 38 27 80 38 37
92 80 27 5 68 63 11 21 75 5 16 40 84 12 27 52 17 4 88 32 73 41 43 42 68 42 58 22 17 9 27 0 75 48 25 68 57 93 16 19 80 91 80 94 59 9 28 74 55 69 57 59 91 74 45 86 4 60 74 21 39 90 13 30 51 88 95 4 74 24 49 30 37 37 91 91 49 88 93 74 34 65 21 62 26 21 13 76 42 34 9 19 4 65 62 40 60 16 61 46 23 98 40 50 99 18 65 34 13 56 64 73 48 54 22 24 80 50 81 92 31 54 95 45 35 98 3 69
85 22 13 20 67 46 57 66 47 98 52 57 8 59 63 87 4 37 17 29 4 30 2 74 81 66 79 57 8 99 14 42 65 54 59 75 70 48 20 53 57 4 68 36 81 36 52 8 12 13 80 67 51 97 37 10 53 75 56 69 30 12 94 46 70 45 16 26 46 2 70 10 35 74 34 30 54 50 6 85 29 96 19 50 34 25 66 45 16 85 61 91 78 1 56 78 92 96 41 47 85 76 27 52 92 66 72 2 97 48 68 21 62 74 26 91 60 8 22 58 4 95 78 32 30 98 20 51
2 96 45 29 63 1 28 93 48 63 77 36 65 26 66 58 63 84 25 70 28 69 24 57 27 37 10 82 4 98 76 42 23 37 56 48 61 59 37 68 82 30 83 22 77 98 0 71 77 8 11 13 60 0 37 29 56 7 31 29 98 83 51 41 78 71 8 43 2 85 21 84 51 1 29 13 56 51 64 66 33 65 46 7 34 58 71 76 62 19 9 58 16 57 33 50 0 23 53 13 39 18 90 90 17 70 89 32 15 13 46 28 94 75 89 96 62 52 77 88 75 90 68 92 68 84 54 88
81 67 14 47 66 16 51 77 0 28 96 97 63 18 61 64 49 60 83 25 88 24 33 91 13 10 88 43 84 0 72 13 50 84 51 31 62 45 90 26 49 54 15 70 11 38 82 66 35 71 39 6 98 88 44 0 35 34 19 51 61 30 82 22 28 70 15 72 99 97 47 5 45 72 50 90 57 91 55 32 58 8 18 79 64 55 29 63 52 94 66 53 54 21 36 94 66 30 91 67 47 56 77 59 11 54 36 26 56 39 50 69 86 67 63 65 65 8 53 89 88 58 76 24 8 65 77 35
9 65 15 98 25 92 47 77 54 27 29 38 42 46 39 20 88 82 26 47 76 63 74 42 80 21 87 31 90 34 37 53 48 95 33 58 70 72 73 43 34 63 95 16 8 53 55 19 60 87 41 78 78 77 43 81 78 87 91 2 56 41 22 69 91 89 57 0 99 13 32 17 16 10 3 39 15 80 51 2 48 19 14 34 67 6 51 85 94 82 13 59 62 92 43 24 89 74 8 22 75 62 13 23 26 18 31 15 13 70 33 86 33 11 7 25 65 25 48 12 56 59 77 74 98 64 94 55
18 50 7 68 25 56 13 1 78 82 29 53 64 57 23 13 57 11 65 93 63 14 42 18 40 22 84 50 44 3 11 19 9 52 5 38 96 95 2 81 93 70 51 26 73 3 13 46 2 63 91 20 63 59 56 84 18 46 56 12 31 77 41 1 29 16 7 51 33 80 90 25 45 8 12 48 28 10 25 59 91 30 64 73 6 3 24 20 12 92 56 50 0 49 79 95 96 67 1 97 91 52 99 22 21 79 24 21 96 16 25 8 62 45 12 72 34 5 35 0 48 65 32 85 26 63 55 28
28 26 92 49 44 90 55 98 54 19 42 48 76 12 6 34 38 98 68 27 94 16 47 37 49 0 42 31 16 8 26 46 4 4 79 37 57 61 93 49 21 83 53 58 79 45 57 86 15 96 67 37 23 60 88 22 37 11 74 2 93 98 95 71 92 76 4 57 70 46 68 94 14 9 86 98 32 14 33 4 56 31 72 58 67 36 44 65 69 13 36 4 79 0 84 92 42 12 0 39 87 62 12 12 81 11 21 40 62 51 65 85 77 75 65 28 81 6 70 30 90 42 40 25 59 17 10 44
4 58 6 0 60 1 78 77 34 13 13 18 85 8 3 68 53 36 78 38 44 49 88 14 84 64 63 55 25 14 32 5 86 79 73 85 51 4 74 6 30 3 95 37 51 92 9 99 94 80 27 3 4 11 43 56 65 67 39 24 35 97 70 73 72 83 77 21 79 91 57 86 89 11 15 54 87 30 17 5 66 60 98 64 25 80 31 40 15 20 53 43 83 77 18 79 90 51 21 78 9 21 82 87 58 26 21 20 98 68 80 62 65 74 86 58 69 66 45 35 77 90 46 29 13 5 27 34
64 67 78 29 43 18 30 1 84 26 84 80 46 51 33 18 83 87 96 85 73 49 19 70 15 83 59 38 46 46 82 83 6 36 42 47 23 61 31 73 20 81 29 56 16 11 17 23 29 43 49 17 46 99 92 77 37 31 23 9 28 81 79 84 88 63 15 31 1 70 28 71 44 34 97 88 6 29 81 0 70 55 67 61 41 86 89 18 20 87 66 90 87 88 46 67 43 38 9 65 91 87 76 44 26 87 88 22 91 68 71 13 53 30 59 26 22 93 71 19 7 43 5 39 16 31 37 65
47 86 67 35 34 7 54 9 69 35 87 4 27 14 7 67 51 61 73 88 31 19 1 28 31 46 50 99 70 16 89 26 87 12 28 70 27 90 19 81 17 73 99 95 61 8 67 22 56 77 68 94 69 89 26 16 89 81 89 8 60 70 52 52 46 50 95 69 60 56 18 96 44 14 96 64 79 49 95 16 95 85 11 85 60 68 98 54 39 58 54 74 22 36 67 57 85 27 74 69 71 71 97 3 63 18 57 78 19 14 27 24 60 70 31 62 71 53 68 2 42 80 80 57 11 33 59 77
86 6 65 81 81 64 41 26 31 57 26 12 90 4 12 7 30 95 66 66 49 62 98 0 62 41 91 37 94 61 45 74 45 69 38 7 60 3 11 4 49 99 9 27 59 40 51 55 64 59 71 98 68 34 64 32 73 69 35 51 67 92 34 96 70 92 34 43 1 50 78 99 57 98 66 95 61 90 46 92 70 63 41 33 19 6 52 15 90 85 49 20 20 42 7 70 38 3 72 49 39 38 1 96 6 69 52 36 82 41 81 94 45 14 10 98 24 7 83 56 14 10 58 94 65 84 83 42
97 58 59 61 85 36 79 48 25 89 11 25 25 5 45 8 83 57 51 18 37 48 37 12 10 35 11 23 6 28 95 7 20 25 66 37 59 54 86 85 28 62 20 57 55 15 87 40 29 12 15 86 42 13 46 66 27 10 53 33 37 53 35 85 8 84 20 1 55 60 85 67 21 66 29 56 75 40 80 41 24 64 97 4 59 72 21 84 34 30 84 50 67 88 91 95 68 50 0 73 74 17 54 5 62 45 33 29 51 43 87 28 97 92 81 34 94 11 2 24 37 38 90 20 37 20 36 37
16 99 12 67 54 40 7 20 91 58 18 91 12 88 36 23 54 62 81 47 91 5 38 84 44 91 35 82 40 68 60 18 33 8 13 66 16 71 86 67 76 46 70 81 54 16 27 25 57 26 71 47 85 13 78 47 71 12 13 99 5 28 8 70 55 20 20 41 31 80 70 14 7 98 10 41 67 50 10 48 71 15 29 14 56 43 46 63 55 22 41 80 86 92 25 66 37 37 52 75 20 21 55 43 45 23 53 6 34 7 35 24 39 55 68 18 44 51 65 11 62 21 43 29 52 30 11 4
47 76 51 91 70 56 97 51 22 65 77 0 28 67 27 17 23 69 31 20 44 49 85 58 43 57 54 96 52 30 96 99 71 50 75 67 81 45 5 72 10 14 31 17 90 49 41 65 21 61 34 42 14 21 5 60 37 18 96 27 55 82 9 90 51 62 94 20 76 86 9 64 1 16 52 18 23 9 57 27 19 27 50 64 0 98 63 20 15 97 32 99 36 53 30 51 95 53 6 81 83 15 24 79 28 85 88 39 1 62 14 80 94 97 33 96 2 30 46 77 65 23 88 42 93 36 50 94
59 70 18 65 85 65 18 67 57 51 90 45 7 46 42 55 18 63 78 96 85 71 91 50 21 41 20 96 11 15 8 47 4 47 68 18 43 33 56 35 75 1 48 39 21 71 8 13 59 38 76 33 3 96 45 82 80 85 37 88 69 23 39 72 28 63 82 23 90 51 7 34 81 68 11 29 80 64 29 93 74 39 50 81 21 9 60 23 29 71 52 15 92 6 92 90 89 71 66 36 6 90 98 76 67 18 65 83 12 40 71 57 4 55 39 62 23 97 53 67 21 18 59 55 4 5 48 17
85 85 91 34 48 54 99 39 54 6 56 78 44 94 10 30 77 68 72 27 96 31 55 87 62 68 18 86 61 97 60 99 75 86 27 64 54 31 80 27 71 20 95 69 87 52 90 2 41 71 9 55 84 68 86 6 11 95 40 94 94 69 63 22 71 79 28 49 5 17 38 6 10 71 76 57 73 13 26 99 18 43 43 39 90 6 27 61 96 13 57 14 97 79 91 5 71 46 96 5 60 84 7 21 3 4 43 3 93 45 45 4 44 38 75 17 12 1 6 28 86 16 57 75 46 51 55 25
25 28 63 82 91 17 15 20 5 91 79 9 6 0 96 52 53 33 1 58 73 17 22 67 64 8 59 8 71 30 38 28 13 80 59 64 1 33 26 70 10 65 15 47 92 11 76 92 4 48 90 50 90 62 53 90 28 86 36 26 46 35 17 55 47 34 31 66 74 21 4 34 94 56 13 47 7 3 52 25 30 85 96 74 52 93 85 61 58 12 41 49 25 52 49 89 33 51 1 79 60 61 70 1 50 2 29 13 75 30 80 76 76 91 51 5 53 77 13 66 53 0 1 66 94 31 36 93
12 17 40 86 73 27 75 56 44 63 43 38 68 58 26 72 80 73 25 27 71 42 36 46 77 51 95 78 12 87 34 11 48 84 74 65 63 45 63 32 18 40 36 17 65 47 66 84 6 35 84 86 39 99 81 36 77 67 7 91 78 75 14 27 43 67 68 99 32 81 70 4 69 12 3 82 3 91 87 81 62 74 54 69 41 25 10 28 62 59 33 12 0 1 57 77 46 1 68 38 2 4 76 78 81 68 61 85 15 49 22 14 81 87 73 84 70 32 53 47 5 92 81 72 67 71 3 80
50 0 99 17 42 10 81 76 83 5 89 31 20 73 56 95 22 6 34 91 92 86 47 61 45 65 52 82 70 57 12 36 48 38 9 47 3 84 51 11 83 59 68 6 42 80 58 51 58 97 74 4 60 1 4 97 90 81 32 58 42 20 2 58 28 43 58 19 38 79 85 2 70 10 0 99 14 84 69 39 62 20 77 72 21 53 62 67 1 47 9 11 22 59 26 40 79 71 82 91 70 8 7 21 30 2 25 50 2 19 47 39 17 94 59 10 11 35 15 68 8 58 0 15 30 99 27 62
73 84 92 8 21 30 16 93 93 69 17 88 88 32 11 84 30 21 70 11 36 86 55 79 63 37 73 55 98 79 86 59 61 84 42 19 35 93 65 22 74 33 94 92 3 98 88 75 56 33 77 46 6 26 4 60 94 96 47 67 30 49 58 76 43 24 94 99 88 7 6 53 43 79 36 73 47 16 60 71 46 58 61 20 33 14 69 8 14 67 17 79 99 57 21 81 44 73 19 77 57 0 98 18 94 96 4 16 91 8 11 35 91 90 54 52 11 58 80 80 47 33 44 43 76 93 67 41
44 42 54 57 81 70 91 63 10 43 40 18 69 60 89 87 77 29 26 9 34 20 59 56 43 77 43 21 63 56 62 7 35 60 83 95 79 76 63 93 38 50 64 8 90 66 4 19 11 23 68 99 41 47 41 50 59 99 10 52 78 40 91 92 7 88 91 21 66 82 91 14 67 30 10 18 93 61 8 44 49 0 22 83 67 45 2 70 76 13 79 3 18 62 64 76 83 58 83 39 49 30 76 52 11 24 60 45 13 27 87 59 3 86 85 72 9 64 22 44 55 74 64 68 1 1 78 8
87 59 22 64 75 28 97 99 32 76 38 18 51 81 64 86 85 0 77 98 24 9 26 55 85 34 84 36 42 4 10 19 59 35 44 69 36 74 16 29 11 28 89 2 28 62 75 2 11 26 42 49 77 35 29 77 74 51 42 10 23 87 84 46 6 88 59 18 6 54 39 47 6 99 47 0 19 8 23 66 9 92 20 24 84 51 57 67 20 82 18 20 40 50 78 22 99 42 53 34 53 97 0 79 12 61 11 98 99 12 29 66 16 82 90 19 19 98 76 62 62 40 57 99 53 82 67 59
71 67 74 70 41 71 52 84 20 35 15 85 17 29 76 24 39 86 55 2 95 20 98 58 58 41 99 28 56 93 21 96 76 82 39 12 81 52 47 10 19 55 25 22 41 88 23 85 40 52 61 11 9 10 68 96 24 47 66 49 17 22 70 4 97 21 60 59 10 33 34 94 64 48 50 55 37 22 24 60 95 67 35 97 83 31 60 48 39 12 2 24 73 30 62 24 29 58 18 71 45 35 60 91 22 25 6 16 33 93 75 53 5 37 34 22 5 82 37 32 2 93 34 24 70 96 69 34
11 18 68 65 31 0 8 97 10 19 47 95 79 18 97 25 6 66 85 40 14 40 60 56 32 22 21 27 98 35 48 25 95 93 33 45 90 6 53 16 59 75 84 28 38 25 54 87 13 98 48 38 36 91 3 8 6 43 87 7 99 36 45 58 29 56 37 54 33 2 85 81 57 81 84 9 56 32 21 9 33 63 32 82 43 34 26 74 20 99 56 72 65 23 43 51 14 71 59 88 93 11 18 39 21 72 55 82 29 18 50 52 12 29 83 45 34 10 59 74 25 51 19 1 35 96 31 88
21 56 85 70 3 58 57 49 92 11 19 13 58 63 31 63 24 83 62 79 57 18 54 70 60 37 25 53 73 10 84 49 35 66 6 60 48 64 50 74 94 30 2 20 67 79 95 48 20 60 33 93 55 55 86 33 21 37 90 12 82 45 32 31 76 68 9 40 0 20 68 57 39 65 41 78 3 99 16 17 25 67 22 1 63 93 4 40 15 96 65 99 62 89 71 51 0 96 1 8 84 1 85 69 80 8 44 29 75 78 75 31 41 57 75 88 65 62 82 42 53 76 21 60 94 68 97 44
98 18 83 1 22 24 24 37 65 81 64 64 75 70 68 79 44 69 57 77 65 9 87 1 57 53 82 55 2 84 92 59 87 72 34 57 24 41 61 28 40 13 22 40 36 83 0 10 62 63 42 7 74 20 4 18 48 48 35 81 39 89 68 11 6 2 64 99 38 83 20 36 55 29 89 7 30 69 27 65 55 40 37 20 38 33 89 73 24 22 29 66 95 88 50 26 97 41 97 61 22 70 50 49 88 76 7 79 36 75 21 92 62 24 6 49 8 60 4 77 93 72 68 91 93 54 28 94
96 41 48 94 51 52 74 68 61 68 77 54 6 34 24 30 89 23 7 22 5 67 92 42 41 8 36 36 11 40 97 52 22 77 88 21 92 77 93 71 61 31 74 75 21 46 61 97 90 77 83 19 68 6 24 37 20 35 6 63 86 90 69 84 76 76 47 2 9 61 48 17 45 79 98 56 12 31 81 9 59 60 71 96 69 88 26 34 63 41 15 3 10 79 6 54 70 91 1 78 45 11 28 16 92 35 74 9 24 67 50 53 50 70 39 78 0 78 55 14 89 84 71 19 19 3 90 21
72 83 41 89 56 46 91 92 75 13 77 69 34 45 48 41 99 10 83 4 41 64 86 47 45 20 44 4 36 82 37 1 79 30 12 24 5 83 5 42 13 22 65 18 60 85 29 69 76 1 98 72 81 97 77 93 51 58 15 40 21 32 93 62 46 58 18 59 45 63 88 11 6 58 60 22 21 7 87 19 20 12 17 96 2 64 71 69 3 41 61 86 51 37 42 58 18 9 33 21 24 33 12 25 66 56 44 31 32 28 72 94 80 56 95 52 58 56 95 79 79 13 57 52 29 88 31 17
75 70 83 76 42 2 83 84 41 88 46 43 51 54 1 99 88 96 80 52 4 90 33 88 42 34 45 90 23 32 2 74 82 22 26 43 86 24 78 56 63 42 68 58 57 71 86 87 52 49 57 55 89 60 76 50 29 83 18 62 22 51 29 1 42 0 74 40 66 42 16 58 10 34 79 83 66 79 52 75 59 4 77 31 73 80 4 10 83 47 57 29 31 4 22 81 18 35 76 9 41 7 62 77 40 57 78 1 22 64 57 72 21 73 31 90 2 12 94 29 86 55 68 49 38 98 35 15
17 22 71 60 60 26 48 85 53 23 62 47 4 42 5 93 87 52 12 41 77 95 14 23 89 36 14 83 90 24 44 24 99 56 78 71 49 39 75 14 35 38 23 52 65 72 60 39 92 50 62 34 62 35 29 92 59 11 41 90 88 53 30 63 15 23 82 0 77 78 92 37 74 11 97 41 27 42 11 18 67 86 92 15 73 13 70 76 40 59 32 17 2 32 26 56 54 9 91 11 73 95 81 93 77 0 93 56 16 25 77 69 18 41 36 14 23 43 17 14 76 0 10 30 69 21 25 42
63 21 59 7 10 89 26 53 35 51 88 66 99 44 66 86 77 60 81 59 78 15 45 25 89 4 51 54 0 5 55 51 83 27 36 33 59 94 72 14 42 77 50 3 13 1 98 68 25 76 88 80 25 32 52 36 56 74 73 66 35 17 6 59 67 88 99 21 62 31 71 80 33 18 96 90 55 18 85 43 86 30 66 24 90 70 52 81 85 83 38 29 94 92 94 0 69 76 41 67 86 3 0 16 13 2 88 82 16 1 72 35 4 5 55 88 72 43 23 34 99 99 35 92 90 69 90 80
29 0 53 68 65 93 74 83 44 51 6 66 68 61 1 60 28 55 45 10 48 4 27 29 56 42 69 16 42 23 65 54 34 10 62 27 40 53 35 89 4 85 21 18 77 64 75 22 4 85 33 9 96 95 92 58 62 91 25 62 5 67 69 44 4 98 40 78 57 60 28 52 4 52 73 49 91 73 81 94 18 32 70 50 88 85 23 45 2 40 31 36 67 88 4 83 62 32 70 51 91 5 27 24 42 46 90 98 37 58 86 26 65 11 84 52 60 9 66 15 35 73 45 89 87 75 53 7
49 71 79 47 78 12 73 63 31 49 21 84 53 36 48 99 44 28 14 88 48 40 73 27 49 19 51 8 55 49 66 80 70 94 80 23 24 70 88 33 60 29 26 45 17 77 55 8 22 60 21 39 87 97 3 85 31 25 26 86 45 37 58 36 13 11 23 99 14 31 87 65 26 4 91 26 87 36 13 81 5 75 98 1 33 63 6 64 59 36 77 30 51 29 14 35 63 34 77 71 80 50 66 12 75 11 23 61 1 9 91 22 97 20 72 26 57 50 57 94 78 30 36 30 1 41 41 57
11 27 14 33 63 39 86 25 82 94 37 14 77 9 98 62 65 42 29 7 72 34 19 75 48 12 77 90 24 66 5 59 66 58 59 88 2 30 82 76 25 42 39 39 7 30 54 7 38 9 96 19 29 63 94 85 89 18 34 36 2 85 84 35 62 64 44 86 39 33 65 29 5 29 54 7 80 34 68 2 82 48 1 6 3 55 17 89 24 33 31 13 47 81 63 10 51 0 50 22 66 53 27 97 32 75 67 56 24 25 59 23 67 11 30 71 89 63 12 87 88 26 80 42 31 76 12 32
85 90 64 28 55 64 53 11 16 17 27 53 37 35 30 43 86 1 16 36 10 11 78 65 87 34 37 89 99 57 27 45 57 62 22 91 31 72 10 13 77 46 25 90 21 84 68 28 80 89 52 27 95 9 13 62 49 53 70 63 59 72 60 4 3 39 40 17 97 24 17 24 42 12 87 25 84 16 77 79 69 42 31 77 38 33 84 68 64 55 41 71 70 28 34 23 23 46 97 1 27 14 0 99 27 48 29 14 96 73 51 98 6 75 41 84 10 32 81 86 21 49 41 37 83 98 73 26
79 10 45 58 90 44 53 80 40 56 33 13 5 88 89 7 79 28 48 75 71 0 73 32 21 25 96 48 49 17 27 24 66 50 72 59 21 58 59 5 92 88 14 46 84 37 33 47 8 3 54 9 42 54 32 17 94 9 74 51 54 65 96 90 98 39 84 79 31 1 81 20 91 16 24 12 34 50 93 76 83 62 73 34 99 61 40 41 59 86 58 50 55 6 43 70 59 63 69 2 29 43 58 9 60 83 9 97 30 89 3 18 58 21 24 89 23 27 19 62 23 82 7 38 96 50 98 99
54 29 63 35 83 72 18 36 22 50 65 48 76 20 69 49 8 99 33 15 15 82 13 54 49 49 64 19 95 42 1 97 99 12 51 32 95 82 81 90 46 59 23 82 7 9 74 12 2 38 40 35 5 34 16 72 58 47 46 96 24 63 17 41 2 4 66 38 64 2 53 58 88 4 62 44 20 0 90 95 48 38 10 42 92 49 51 53 7 68 6 17 4 29 0 4 65 60 87 29 28 60 97 4 39 29 24 19 77 94 33 21 34 81 86 0 56 48 24 34 68 7 93 50 74 42 29 59
20 21 0 73 49 15 60 33 73 63 33 9 58 15 82 17 15 5 71 42 83 34 93 43 84 7 33 4 68 89 16 39 55 12 68 93 32 14 64 79 68 19 45 30 99 12 9 33 47 38 66 83 92 51 5 55 23 11 51 91 19 55 43 46 79 80 72 2 93 56 88 66 1 50 65 40 32 32 91 52 30 37 77 25 85 16 84 82 77 84 48 90 37 55 65 76 42 19 99 61 88 13 54 37 78 33 50 62 57 43 13 42 23 96 96 17 6 99 63 5 7 95 73 41 28 40 40 77
24 32 58 94 44 30 55 53 61 88 8 6 53 24 82 10 27 71 23 77 14 66 77 41 17 18 65 17 46 33 68 97 83 1 89 72 79 2 31 78 22 50 40 15 55 8 80 76 20 75 81 56 49 58 16 7 92 89 10 90 4 25 61 17 8 51 97 92 88 99 60 30 90 7 69 23 74 35 11 94 70 87 25 28 32 9 49 79 69 17 54 7 99 49 52 0 74 91 13 83 77 94 9 49 39 27 56 79 39 61 27 32 74 9 66 50 47 30 42 23 59 17 9 62 83 4 74 42
52 93 35 64 59 46 37 73 1 6 27 89 63 42 79 10 26 64 49 68 45 9 44 68 75 29 27 32 52 38 24 28 63 75 70 82 45 70 94 62 24 58 4 14 7 40 56 99 69 73 15 54 58 85 59 69 91 9 57 77 67 97 33 90 23 81 3 32 80 51 6 50 78 47 27 29 40 84 32 44 25 49 76 87 35 28 55 46 11 33 70 34 47 58 69 4 84 11 21 16 71 15 43 2 67 6 46 68 11 13 76 28 2 2 97 22 13 9 59 51 3 60 51 35 68 44 71 98
73 97 35 5 60 12 5 79 72 32 56 19 96 40 68 8 97 62 46 30 54 71 72 45 65 64 5 13 53 1 44 90 26 30 81 48 6 85 12 7 75 27 48 9 54 85 73 74 31 28 85 2 53 54 92 82 9 51 5 7 29 88 46 13 16 65 96 26 76 27 23 47 4 66 80 88 43 30 99 9 75 35 97 54 16 9 78 68 12 18 37 64 2 2 64 22 92 51 8 80 91 23 28 49 40 98 69 58 31 20 42 22 71 73 36 51 64 74 47 3 13 40 95 69 17 42 8 34
36 93 15 40 93 98 56 71 57 62 34 85 33 51 61 73 2 35 89 69 75 33 23 8 57 11 48 18 73 19 65 74 76 35 71 77 51 26 95 6 99 97 32 68 31 48 29 20 79 72 87 93 97 68 33 3 80 82 13 75 7 6 34 0 43 28 11 92 53 29 85 67 23 75 44 42 29 4 38 90 84 26 94 31 32 73 92 94 55 83 94 13 74 98 68 60 44 69 70 78 7 53 41 73 58 11 65 98 94 37 27 11 14 61 72 59 55 80 72 60 53 78 26 83 89 97 31 64
