245.51093 65.01016 261.54265 65.37502 258.64914 11.68396 286.02910 290.09766 88.38155 283.39104 94.69358 133.84534 80.14131 180.63041 132.92331 50.14795 31.52318 125.30183 96.42772 151.71620 22.40802 133.65619 118.98647 9.17429 222.12761 38.23101 190.51039 210.36870 107.54881 209.61173
178.01986 16.23978 137.50828 224.57488 199.12341 181.62520 155.39176 182.95066 171.72661 188.32142 187.41670 235.30110 267.48519 128.47212 93.87591 216.75843 63.87309 245.35781 134.71787 62.52893 195.92641 252.61831 270.71143 208.33027 294.73237 239.11735 104.73034 27.53851 244.86918 206.70692
107.21208 31.21608 237.00450 80.51725 144.67301 227.05916 276.35676 254.62346 166.99500 192.72818 240.02116 249.83040 145.18227 35.66513 295.68174 289.00214 5.65454 187.21293 76.58055 97.20207 189.58878 235.71070 75.85822 233.57476 164.12711 137.06733 94.55245 117.76500 82.10407 221.92896
95.96942 178.76927 227.93973 275.10944 99.47117 17.72338 243.85335 36.51482 284.52575 125.84778 155.76719 144.02904 299.32362 161.68888 67.78287 42.98129 230.69289 283.21209 24.34850 242.39171 64.52917 213.45925 1.53172 113.90919 22.40088 178.38786 282.22048 237.62105 97.60446 274.44610
267.86469 223.71473 245.40937 187.66666 107.21542 101.18964 17.62231 66.56600 57.81946 163.41279 274.08826 178.53274 74.59429 61.00831 212.43248 232.40920 21.30138 177.63788 77.09131 1.52087 108.45250 139.81213 183.68748 269.01302 4.74150 190.94954 251.08774 266.29629 120.05714 83.51174
172.58554 90.27471 238.50854 237.94908 40.70220 71.01935 266.63879 87.87128 226.59819 145.30395 185.37042 114.09409 185.44432 239.87791 156.02706 239.87409 194.82427 123.13600 216.47359 149.89273 140.40910 258.23388 17.18046 141.25153 208.19308 82.47214 35.04094 222.25765 3.01210 174.07767
174.85538 145.84280 78.66919 46.11218 172.76670 128.05306 21.69181 60.15762 88.73263 43.86582 30.42279 38.37044 31.37764 103.97870 99.26910 187.48322 9.31170 294.47311 36.06094 38.53848 46.35367 57.30296 250.88002 126.49731 252.35324 15.55013 108.56918 8.49080 178.67671 45.38729
292.96642 257.70453 118.20379 297.35541 224.18812 59.23325 291.43370 122.80162 107.25770 19.03551 5.41172 59.54683 87.92782 263.29994 259.43879 286.66739 297.26335 287.94300 280.94199 57.46623 24.28474 10.48358 243.31689 298.20017 172.91765 115.37116 12.24453 236.69695 246.55862 144.73342
25.42170 197.42658 41.03499 291.77165 152.02193 203.52757 53.08045 3.87874 40.10123 287.82114 240.10678 79.77311 24.46310 159.81920 137.72011 256.53736 210.98314 260.89924 271.00127 264.33881 264.24797 18.98002 136.21561 155.47966 230.69645 188.11663 35.61352 254.20330 30.53234 220.01107
147.63269 261.72878 169.70684 188.58958 44.98702 7.52076 265.87941 112.99989 155.27048 232.58241 204.11951 91.82090 92.10838 15.46573 276.16314 235.95514 179.59931 226.63953 55.59074 254.58731 204.74799 272.45825 23.39483 222.76945 119.14852 298.80622 64.77601 46.72869 118.46493 217.07826
221.62051 235.47453 49.24903 172.65649 196.59627 150.13104 70.31303 138.40514 196.77937 19.89757 211.56309 158.12883 161.49859 193.06477 51.43495 111.46151 263.13892 70.86772 174.93294 296.50067 130.69854 50.25971 286.78085 257.83892 44.22200 58.23035 288.44817 269.63254 217.05201 114.98211
100.27379 274.95622 178.14174 93.57805 276.84053 160.12011 125.17993 160.69058 119.57187 105.95939 25.83839 66.51069 96.68725 51.59848 127.38718 233.49205 269.65966 32.02217 230.28079 117.99756 49.84060 2.71535 183.14076 87.86162 110.05935 116.48853 221.61361 65.66841 132.93136 161.36940
266.53113 10.03909 81.96073 151.41785 93.00832 100.69615 3.67651 126.66074 136.85712 255.14161 42.28838 48.88660 176.68433 100.85778 48.16147 125.08465 148.31017 236.45018 241.94668 132.17438 285.50228 69.64350 273.44895 167.25975 80.73606 25.42263 271.64493 63.98803 45.95729 198.21376
299.73629 130.32671 103.57392 289.02676 192.72237 116.85213 246.69067 43.15855 178.04873 183.50201 203.66630 158.02966 258.30159 195.10777 84.98996 202.11259 137.57007 285.51054 14.66343 15.23278 291.72936 40.41944 78.47574 168.60820 285.98755 242.17058 11.33970 234.75760 13.47176 145.88206
31.20412 270.65607 21.06430 249.54183 40.69514 115.89138 113.39978 3.23924 160.89012 36.02670 242.14262 82.51557 132.61047 253.66001 34.46544 4.53842 250.90669 8.99394 24.84673 23.49154 233.50701 71.26123 175.58558 125.23943 141.40124 227.31574 173.35529 223.21974 217.67868 55.51993
71.49857 85.52341 162.17959 14.27437 184.33826 3.23668 184.75149 228.05104 109.80955 154.16766 227.32388 141.29649 245.17281 199.85255 160.55196 245.55470 207.42154 54.61050 131.00359 8.46489 34.61450 202.18487 19.44827 84.41489 91.61773 55.93028 165.61698 249.67618 54.51512 94.04969
247.60346 234.07110 136.72763 84.91797 221.51397 278.24363 137.55715 109.56048 118.32383 201.82235 278.92708 248.81670 66.14431 290.76752 182.78627 169.67130 55.88998 67.36726 141.00441 76.18889 93.51891 4.43454 260.11748 112.43684 62.04830 18.91735 289.15048 290.07535 277.20462 298.51381
110.59855 53.50603 132.54524 277.13392 53.32698 234.48954 208.62921 37.53702 280.20560 268.69599 237.12283 79.28959 161.55915 139.66674 254.08499 111.37536 175.05380 275.93966 179.11576 263.12568 246.62614 232.57500 247.23452 151.32181 102.15634 149.59342 154.98344 147.66615 44.58882 275.58496
287.23877 105.18405 66.27481 61.94076 111.66045 167.44908 25.95227 190.69023 98.87426 236.05382 264.34375 106.19571 183.42029 94.89892 275.49274 36.41797 219.90432 246.22337 175.76536 228.61972 151.68166 186.69194 135.52119 277.60246 259.04661 183.27851 298.09202 110.06327 3.54106 273.06382
9.90011 170.88247 98.15780 208.32518 53.44909 271.29321 62.37142 54.07506 87.93004 102.29099 169.13861 53.14586 288.35056 105.52981 48.87343 146.37519 238.41318 187.20821 4.70721 45.39555 7.41052 245.11101 1.00102 70.00832 291.80263 104.31621 236.44985 139.35640 170.03407 27.25226
230.69093 116.64507 16.14351 257.78247 142.29451 276.33678 61.16525 74.55829 156.05912 204.84590 215.00348 158.94039 2.46870 161.06629 48.82665 88.66700 94.92901 153.75073 79.34883 118.58125 180.76492 43.37151 44.12044 165.02999 268.00266 18.57044 254.00227 232.98052 102.42366 82.47309
215.08470 201.89223 43.19136 9.80818 158.18716 211.72728 51.00433 59.08929 128.40898 116.95847 197.53796 260.68891 158.52892 257.60783 66.34764 88.31450 36.03536 140.69474 59.32634 220.99279 207.42165 109.16756 169.85078 229.98792 199.79352 195.01886 181.54445 149.75596 213.73236 110.98037
227.89044 36.06733 111.03649 130.70728 132.86944 10.63337 210.17005 36.08686 131.85022 97.53902 134.77386 106.49218 92.92297 128.07512 26.50330 138.63609 24.21942 140.68142 116.67883 248.52574 199.90638 255.05047 30.03053 151.48736 27.25856 192.58353 142.11249 122.63946 30.28232 112.45280
217.25763 259.88297 151.36550 124.49221 299.50482 80.48450 69.09264 265.80308 57.04340 91.52049 147.01948 186.23553 199.71097 230.96828 56.53763 237.32712 146.69153 243.87319 76.50819 58.61769 49.16136 49.36185 38.12772 180.46750 54.40595 54.50952 7.32099 85.15876 113.76866 68.29797
18.97531 53.58883 16.37402 157.70923 172.56835 182.56050 103.40814 24.91555 80.16959 83.84538 35.48747 186.90241 31.86103 181.12156 269.69616 146.68851 76.88455 142.12974 5.04803 169.36485 83.54762 121.23408 105.75628 120.84935 102.53491 165.02927 82.16424 114.17142 277.87451 205.69033
206.76211 205.59840 194.36799 24.56471 216.12862 67.22325 136.69064 62.55676 192.10243 21.44610 132.66018 227.39109 247.08029 156.01094 95.85219 235.86803 160.80385 226.41041 59.54122 163.85608 80.00326 103.77705 75.48098 168.67427 201.46331 130.23982 296.79192 129.48873 133.66614 5.92532
194.87583 120.53868 176.43359 25.42511 38.52767 120.14691 294.14525 272.41086 174.87103 215.34569 94.78440 98.77316 130.36394 275.35173 271.25885 108.30944 214.63604 116.53325 104.32313 59.40374 119.23830 61.64548 286.33151 271.49020 16.32904 65.51640 144.73563 34.15464 94.11694 80.96711
36.69462 98.78970 46.16248 244.75559 200.84863 253.55483 296.64296 141.44876 31.05840 258.56194 145.29498 255.98435 60.09475 125.90943 297.57143 288.41369 172.53171 201.16680 120.15809 246.70244 112.26214 216.52933 221.34499 186.95953 68.26290 71.07579 136.20194 50.75565 162.78885 68.23423
222.98738 246.43138 102.69228 243.90136 141.27253 27.08902 164.91448 96.08011 253.94088 258.56094 104.08632 173.07105 267.60755 291.68036 82.66397 259.86069 248.61287 223.43937 278.14561 7.88596 193.88640 289.38280 7.70140 34.07779 192.76614 128.20187 254.08341 264.80788 96.76015 145.07342
255.33326 57.32039 282.16061 182.51062 143.00468 45.66407 9.18420 222.69867 161.83687 199.18949 215.62992 195.85220 235.00713 183.96298 46.57938 173.94568 113.35895 235.90107 85.37305 245.56944 160.20905 195.18115 97.84549 6.95474 284.19602 104.82569 31.72883 213.73079 63.60816 35.87303
