188.04617 151.69472 226.56051 72.69058 280.89777 5.49475 129.85664 207.54780 222.93041 127.31565 110.05999 126.13918 51.19735 51.36933 32.40113 24.28267 164.49364 295.02852 179.16131 240.28798 100.18627 280.49325 243.74392 179.78067 27.82890 164.08652 297.03992 164.17592 257.20192 263.69643
143.46284 61.05911 298.56941 203.88803 292.46441 166.48199 251.54886 107.80299 46.53827 124.69747 254.39072 285.02895 197.89515 253.45111 169.69795 115.13717 224.78393 83.91382 43.03740 122.82114 216.28595 105.53046 276.22997 252.99406 247.57826 129.55376 222.67547 170.18479 187.88050 100.82500
65.28700 71.86604 298.41946 64.61173 181.45564 11.65104 98.79725 145.35081 64.05641 171.92159 56.82122 294.96083 257.33690 99.94133 253.45034 167.96715 188.92417 227.37199 272.18082 129.94444 33.59253 288.18852 130.27645 113.45890 209.98922 113.43380 266.35241 292.62490 154.38444 197.28935
287.93790 155.98322 104.98900 219.84428 71.47663 243.70912 251.98724 84.41599 188.47984 262.58287 267.29908 196.01770 136.50937 116.57995 240.38697 10.71235 21.25294 95.17382 193.84226 19.29088 250.27008 199.27662 202.57750 203.70907 113.37904 201.53730 295.81410 264.54073 76.07035 133.71127
1.55051 99.28632 162.57005 283.30140 114.67513 256.69405 129.08021 225.95094 20.20329 236.50249 215.70267 177.90367 107.24449 93.79305 16.79399 115.01211 170.68718 285.32601 147.79798 61.12920 60.06838 104.47496 176.83090 112.39406 83.22432 248.45975 110.83935 293.90005 284.89329 187.49055
220.29404 115.87569 120.55455 177.89258 249.09797 227.41479 278.94718 45.98081 66.19449 91.98506 246.74470 94.96730 225.26793 127.44834 14.67025 260.96115 273.56833 256.93986 267.06497 176.56548 159.36507 122.72725 156.63513 221.04868 42.28891 260.43045 192.96738 60.20636 77.28998 122.69004
288.73739 201.49251 259.65078 73.92060 83.74924 222.10863 9.91630 185.71408 236.39298 234.72166 25.59566 3.32638 112.36178 47.43024 253.25755 4.77773 251.39900 126.95937 273.17346 166.37073 179.10583 107.56671 86.19441 57.05025 153.45124 225.51891 142.29373 61.18499 46.88429 274.04462
292.91713 222.67455 24.89060 141.78290 183.28678 165.84245 49.55505 11.30515 126.01671 99.57112 285.39315 142.00042 202.27882 158.47776 37.10674 58.73624 83.62204 76.75721 2.72891 243.49848 40.47028 14.34146 98.02833 278.51370 174.61074 46.71957 13.73344 251.77644 70.41804 164.37662
160.85167 49.71339 148.71301 20.02025 65.23180 81.06546 35.08207 289.65651 272.27466 136.38267 297.71269 147.04526 79.68729 183.24996 114.71301 113.34754 181.98935 106.34476 279.54452 219.79778 92.91215 102.06888 223.92880 280.25540 43.99840 281.78073 53.11416 30.39905 54.80873 67.24537
2.34606 23.06959 134.68691 162.31632 129.90016 109.07141 12.51402 120.86883 98.98013 246.07679 192.23505 135.85333 299.43301 172.58516 233.43715 229.08556 124.21843 45.16341 60.98441 277.50996 201.32097 271.12382 182.67729 39.76901 81.02179 66.06518 85.34136 14.80566 259.44674 206.92429
138.37922 248.18167 10.19065 142.94685 240.13980 238.39716 38.53480 140.71647 14.92401 127.76629 20.43281 8.01986 296.91796 148.07091 43.13898 280.08908 210.32383 130.06149 158.82095 259.62760 31.41742 226.73387 31.40095 19.16935 86.82927 109.10661 134.44395 10.87228 82.53459 145.87466
114.78602 141.08350 104.74365 129.24822 165.19511 80.50693 92.09712 123.88131 169.84294 18.74310 200.27314 58.01536 85.80287 265.92168 140.30959 158.64693 163.84650 89.18421 207.83057 95.39522 208.25679 223.63997 66.94994 214.69315 179.70955 257.87961 149.37796 86.62065 193.66368 21.08707
84.93026 159.33118 121.69730 200.25039 209.07103 170.67554 22.76583 73.04120 93.48890 145.43311 224.67319 89.04013 13.28806 61.32370 85.03629 202.39713 35.42891 235.53284 150.97937 167.97450 271.46303 245.78375 92.76991 33.10282 255.66768 5.86289 173.29366 146.80072 225.67452 37.24865
203.53656 134.81945 12.83118 46.11412 209.21467 130.99649 122.58690 52.35191 48.55692 43.31387 259.28190 229.36866 126.07353 296.94042 118.13224 202.65917 279.96240 108.68069 104.48550 81.98606 283.54279 123.07527 299.30891 226.35970 247.63149 51.14897 91.39135 116.91362 211.88388 126.16500
222.98915 88.92465 222.79558 180.03877 41.11544 62.85773 240.74769 137.74698 72.80209 82.41972 190.80855 68.53723 262.20011 295.23461 215.77474 83.73265 196.64037 272.60783 89.98490 73.62761 108.50426 67.54136 108.18903 191.58092 134.12596 246.51675 281.35244 80.03699 194.05477 54.95488
29.48771 81.42912 79.33902 290.22815 98.50880 232.55695 295.59136 121.68459 203.79061 189.73902 242.05234 18.45008 223.76667 239.28259 142.20675 57.48732 7.67230 42.35376 69.10164 277.96414 84.93938 117.84943 210.55492 238.27497 37.94216 39.39667 100.05729 63.05527 255.40912 1.45290
98.32850 79.53392 294.57931 156.93055 167.60756 283.36126 185.93833 71.39884 103.03265 110.62163 33.30635 237.52616 17.83278 239.14947 31.02096 87.87071 148.68493 18.07972 218.35916 57.34781 51.51159 196.78371 296.60857 33.71080 44.82351 144.45929 18.38761 99.29296 133.29444 75.02189
53.70037 278.78185 273.70300 51.30429 58.18820 103.25148 48.05492 57.98251 60.77888 248.24052 237.48971 242.03841 196.86156 135.12446 57.40321 109.83962 246.47946 223.40120 191.69924 299.58774 55.68759 197.05923 48.59311 147.30603 102.19557 42.63662 274.44243 116.01140 170.12395 3.32494
102.90110 3.93437 134.02137 288.25500 92.78582 92.82185 10.68659 73.18877 62.15197 47.45871 148.99443 39.85043 125.04752 190.78717 54.60289 125.83490 199.94006 246.57720 40.65002 20.77678 57.98880 268.25633 55.30130 270.04799 3.45536 51.14556 121.35211 120.52652 296.47997 268.54384
131.58274 94.64060 22.67002 196.54255 111.10099 244.79065 40.36269 89.47979 159.86530 60.62436 295.36181 18.83814 181.11485 98.83813 188.24523 237.63570 47.32654 68.39656 151.25667 26.58824 160.37066 111.20629 35.30288 157.23398 103.65423 24.83444 116.04680 136.55426 191.78352 174.41151
274.26871 128.06097 124.21277 171.37730 223.79820 185.50831 8.60435 137.55376 190.35735 119.49853 254.39943 158.95560 34.23988 4.91283 245.81243 82.70889 296.71645 43.49268 188.13838 154.39071 108.23798 70.71318 166.63229 20.24171 254.37681 206.49901 24.69927 279.77019 192.46249 247.17551
14.65379 103.45579 155.53601 260.88568 55.47558 16.53555 178.04698 52.84325 219.83845 214.61141 206.51324 186.38322 194.65479 280.49624 222.49790 95.72727 20.08450 269.05845 1.42474 191.22036 133.38103 20.20320 67.17628 173.77757 218.47018 15.56002 179.51694 189.18416 201.50058 218.17053
89.53978 41.37213 238.25215 214.01933 221.84298 294.11370 53.81168 259.43921 260.12083 223.31561 241.04042 20.08234 146.59452 275.93404 115.34644 100.27642 105.30797 20.63102 221.29960 147.97221 69.23917 192.93474 193.88184 295.52891 21.69026 184.64614 190.27297 156.72982 204.86455 59.12430
178.12766 178.34988 131.98421 47.52353 29.52761 168.12539 152.83363 182.26096 5.56480 164.17462 113.11912 240.79325 122.10522 102.45638 15.46836 37.64573 174.89719 227.03950 127.21152 265.76471 103.96836 124.90109 6.11110 177.67033 120.02790 39.37016 126.42629 163.06510 231.74652 65.72977
104.31332 33.12047 265.42534 113.39848 98.09513 246.39798 11.58282 27.60477 12.46680 7.49717 206.41984 160.72712 52.36040 217.12675 140.43055 263.93232 4.88244 106.85853 29.45780 119.77668 66.32906 267.45952 190.25387 200.32805 41.05045 25.60003 161.07042 176.75912 101.81979 116.57706
155.57351 231.41583 283.41078 92.42504 62.25894 228.12874 6.41082 61.01875 103.66618 54.46011 197.46252 157.89689 282.72115 129.39868 286.74371 167.53034 15.37360 20.75281 233.52919 197.03428 44.10113 38.03698 12.87871 69.94725 20.44483 123.81600 142.35258 276.70658 45.22614 176.61654
172.57523 232.70598 48.19255 219.39293 169.93135 91.45951 148.19146 134.96538 263.03351 260.16666 168.93729 105.42841 209.30069 245.96977 278.16465 13.34078 218.89375 131.62959 127.57186 62.02903 207.22930 81.55254 38.32085 222.72186 33.49238 65.07872 87.99321 111.62968 172.38178 250.00782
284.51609 3.01487 56.77209 2.88086 290.81789 248.24220 209.07667 269.37580 105.11957 75.97984 297.43901 199.29586 244.74952 12.95379 24.02961 219.90369 87.45423 67.21854 38.03248 114.20108 263.92618 20.94028 73.64418 27.86627 149.10234 195.05780 54.10820 239.72299 281.42379 125.74873
287.28811 18.36462 113.77129 120.39389 152.06059 263.18821 136.10756 268.00039 286.19255 192.07555 77.29362 88.86752 204.74485 19.91073 43.72649 156.57045 78.32951 159.30191 146.46666 146.53006 96.75874 63.68462 92.70396 159.38270 299.01582 43.24818 263.67194 92.09317 141.45843 239.85238
88.16339 161.44534 7.23377 263.69769 21.29036 48.06865 145.38451 258.65743 230.29618 120.11842 107.16728 54.60725 4.97802 255.46692 110.96266 93.59627 206.83685 111.25993 133.57906 288.49007 282.74215 162.98185 255.09669 76.91164 91.63488 205.83706 118.81559 10.53393 51.52909 135.35088
