26 86 20 50 3 83 99 79 65 68 58 46 15 74 72 26 85 66 47 82 98 77 29 86 87 14 42 31 52 91 40 61
88 41 27 81 84 74 29 65 58 31 34 3 64 69 11 71 20 19 94 83 13 71 91 84 87 1 77 21 74 76 65 46
45 48 36 34 73 11 87 82 30 87 77 89 32 81 73 64 95 20 37 45 70 2 17 96 47 50 2 80 33 88 99 18
74 17 32 38 26 91 80 2 10 48 17 86 33 34 11 82 67 60 54 0 0 77 8 35 97 74 14 24 36 32 30 9
83 42 63 60 86 22 57 82 45 14 98 35 16 72 62 83 78 15 34 59 64 70 16 89 88 96 94 50 19 83 37 32
46 98 66 11 73 47 2 68 32 39 58 62 33 73 24 21 75 26 76 62 52 53 22 76 52 0 83 76 62 69 34 13
42 51 71 24 75 25 57 49 17 14 15 7 57 51 15 98 33 27 23 58 42 10 42 51 11 79 85 73 27 4 23 46
56 54 27 17 27 35 56 96 87 70 44 32 72 68 25 67 43 79 50 40 59 18 42 36 98 6 3 62 47 79 46 5
71 86 4 45 87 10 46 92 82 66 76 21 60 90 9 57 82 47 91 94 78 58 21 66 57 82 29 63 7 65 48 56
98 72 97 59 66 92 56 42 56 44 46 90 96 90 87 31 55 11 16 38 85 8 54 10 65 48 24 19 2 79 89 41
20 83 45 69 24 25 53 46 84 18 5 85 95 50 52 32 80 50 44 51 71 47 66 90 53 12 92 77 32 57 57 37
3 71 74 17 55 89 15 23 92 16 32 61 24 73 12 88 13 26 64 60 68 36 31 19 84 76 87 47 92 34 44 3
98 97 10 89 12 42 17 35 11 32 98 37 88 96 85 28 13 7 20 20 18 64 41 9 68 48 53 86 35 65 57 83
28 74 25 58 16 66 92 85 69 19 8 96 6 10 58 25 68 23 82 3 28 81 82 15 32 96 75 43 59 36 40 67
29 15 33 51 53 20 81 61 47 67 27 23 8 57 20 22 64 53 65 70 48 93 55 82 86 98 96 46 85 67 38 75
54 0 36 66 44 28 64 77 37 74 2 52 82 9 51 30 8 73 48 90 78 99 76 63 24 13 49 81 25 2 20 9
26 28 74 90 2 82 56 27 95 36 49 13 60 62 98 25 43 71 65 35 16 92 55 93 9 34 44 36 28 94 87 15
29 59 96 85 6 3 38 47 54 93 92 23 13 12 33 78 66 32 78 20 68 99 21 49 59 27 75 49 30 68 32 65
98 95 59 80 59 12 29 47 61 43 32 91 50 16 30 97 32 2 22 97 39 8 97 10 51 86 97 53 59 22 6 84
16 33 49 79 16 13 92 34 63 51 22 81 68 0 13 33 55 83 47 47 85 48 2 48 64 38 13 33 23 13 27 97
33 69 33 41 89 52 79 51 26 28 61 48 60 71 41 4 82 88 7 22 71 36 17 38 16 98 35 87 73 98 27 99
94 1 32 87 24 52 69 11 40 91 31 32 16 9 92 17 9 41 16 96 68 40 71 88 5 98 72 68 54 32 48 16
73 47 61 35 65 78 82 72 98 34 61 0 71 68 87 63 39 83 59 52 77 30 81 80 53 62 47 45 64 30 93 26
99 53 60 76 54 63 38 61 39 9 85 53 55 82 96 47 73 49 4 64 75 2 23 97 61 66 38 60 84 32 35 70
37 13 71 38 5 31 59 3 66 18 23 60 39 17 28 14 86 65 14 36 76 14 21 74 21 30 17 82 65 29 99 51
16 42 5 42 47 31 77 58 60 74 50 44 78 5 49 72 16 97 95 81 23 83 88 99 0 47 38 23 37 48 20 81
67 1 10 52 94 89 46 63 86 93 53 51 50 80 31 56 0 56 51 0 43 9 61 62 7 74 92 36 12 70 11 6
84 37 7 68 86 76 94 57 77 29 9 83 36 37 9 9 21 5 97 66 73 35 76 26 35 46 89 55 33 20 67 85
98 85 52 91 97 50 91 9 53 91 15 74 85 51 18 57 21 22 46 83 65 90 17 64 68 37 93 21 3 7 9 58
28 56 3 86 5 80 27 38 77 1 26 1 53 72 82 15 94 19 12 91 97 64 41 58 84 65 16 14 59 39 98 68
99 52 79 55 60 43 0 88 62 46 56 95 91 26 47 80 85 35 28 54 29 94 35 4 67 12 85 52 15 42 54 71
25 24 98 30 38 5 62 14 32 59 89 88 26 88 61 82 56 30 51 12 9 71 85 74 59 88 93 60 63 61 41 28
