3 16 74 84 76 99 21 24 1 40 60 91 55 48 17 97 96 75 13 98 61 75 88 85 73 65 35 12 57 25 96 94
6 24 39 33 57 7 54 28 32 11 60 17 83 60 92 48 26 69 92 22 11 99 48 43 15 11 4 46 47 47 92 13
47 77 75 34 78 77 12 61 53 82 44 65 67 97 48 63 87 21 19 44 83 83 92 18 18 87 21 42 14 17 8 5
4 94 66 57 51 35 97 51 73 60 73 38 11 98 68 75 60 20 72 24 82 33 68 5 95 26 19 32 70 55 66 66
14 54 24 96 76 97 90 74 29 68 44 65 69 81 75 38 2 14 27 4 54 17 7 74 74 9 34 51 9 82 26 19
50 30 34 39 62 83 27 67 82 80 47 80 45 61 35 20 91 55 93 63 81 75 27 5 14 62 10 56 83 54 48 27
66 72 76 70 65 67 24 12 52 13 73 18 14 17 17 8 32 72 29 7 32 4 17 5 75 24 3 84 42 0 91 38
24 12 49 38 77 69 21 85 1 97 31 19 62 75 39 86 48 78 29 18 58 52 89 31 81 47 42 73 9 74 24 12
95 93 66 51 60 21 53 37 6 95 3 19 85 8 44 25 63 21 81 32 91 10 18 34 11 67 43 29 42 58 3 32
54 92 46 34 83 45 82 56 28 36 40 10 46 67 51 65 80 83 55 32 72 21 60 41 88 14 23 4 66 14 62 92
34 40 15 72 16 6 91 98 99 19 67 66 8 27 45 4 84 55 38 96 21 83 47 46 3 75 75 64 84 34 2 34
89 63 20 77 26 41 91 24 93 39 91 10 98 20 0 94 68 94 90 30 82 26 40 2 47 62 3 30 86 19 94 78
56 85 89 11 86 91 25 46 21 2 30 12 93 82 33 24 26 87 21 18 17 49 71 31 20 9 61 68 82 98 52 19
81 22 87 54 67 88 79 4 81 1 89 48 18 53 61 55 89 49 32 69 79 58 6 90 91 68 50 87 96 11 0 91
1 14 19 20 76 14 21 5 70 72 74 50 83 0 47 15 91 80 5 82 67 37 57 75 46 16 17 44 80 76 67 69
66 19 5 58 45 96 80 49 5 10 93 50 67 50 48 46 73 66 99 49 73 5 82 17 13 93 20 44 83 25 88 21
68 59 42 13 9 47 94 33 89 2 24 1 71 83 46 43 73 33 36 54 0 86 87 45 11 51 30 5 3 60 24 14
28 63 10 33 16 43 75 71 34 52 52 77 10 68 37 10 16 86 12 26 33 67 60 98 58 70 4 58 4 16 19 15
49 76 34 12 69 67 6 35 60 9 33 63 30 7 34 34 61 18 2 69 62 58 2 77 72 71 55 40 67 96 45 32
73 71 24 47 68 18 13 60 55 43 60 9 18 58 58 93 5 55 65 84 69 5 64 49 98 85 38 63 67 71 42 18
28 57 48 6 66 87 43 12 61 22 59 3 35 45 17 77 94 49 85 11 0 96 78 50 67 92 97 42 63 67 91 9
16 84 72 11 64 26 25 78 9 49 71 65 71 25 97 19 83 30 51 31 70 65 58 99 35 28 44 29 91 93 40 53
16 73 31 13 67 60 46 20 83 99 66 15 84 83 15 84 25 70 0 42 80 44 29 26 35 36 95 78 15 11 46 51
15 41 92 55 53 84 28 61 82 28 68 48 92 97 29 35 25 56 53 23 94 33 53 30 99 91 5 14 71 15 26 51
80 33 19 92 65 87 64 17 49 85 93 11 30 62 10 97 95 39 66 41 27 98 45 54 12 42 97 87 75 20 98 28
93 86 13 49 44 91 91 34 52 29 35 90 85 26 85 35 46 24 85 72 19 35 28 33 38 92 1 88 99 64 40 64
21 83 91 48 32 64 29 87 29 21 4 19 67 41 8 7 38 75 17 61 75 22 9 78 8 26 99 92 76 92 47 28
56 3 14 33 42 40 49 59 38 95 80 46 10 7 48 2 69 51 53 12 76 44 34 46 40 22 84 39 12 8 16 4
52 50 20 25 40 36 81 93 72 5 83 1 37 14 77 30 41 8 45 7 27 64 10 7 39 25 42 28 58 44 91 80
59 41 25 95 41 66 93 14 32 97 75 94 31 16 30 46 27 58 97 99 99 1 9 6 7 37 1 86 4 52 17 45
72 96 78 3 63 26 51 43 82 50 75 15 6 82 0 51 89 75 54 19 42 60 76 53 31 46 51 40 81 10 53 95
92 24 11 37 8 19 31 6 62 58 32 54 22 71 56 81 91 97 57 64 86 57 40 18 46 56 55 46 52 22 48 31
