129.95355 12.35467 13.39693 104.67885 102.43461 238.19816 27.29667 22.64667 131.09473 148.04893 245.08484 126.29431 201.33716 72.47440 144.50470 183.85189 188.39064 164.77560 190.68053 62.21266 228.43566 237.23512 122.07770 170.51319 212.30319 262.58118 129.52911 218.69250 86.73457 40.20237 255.89754 101.60002 15.91620 83.78192 267.49324 158.01308 26.62120 223.24926 2.35276 9.39603 14.27863 38.73012 239.67030 239.04915 262.05715 183.68535 224.35807 112.98077 229.50443 74.90835
239.49180 42.51080 279.04507 112.23944 58.94433 260.09467 209.29180 204.95597 208.04359 63.31503 34.01300 231.01902 213.97367 143.39983 234.64741 68.32314 269.18312 94.51857 25.15332 3.68235 22.15647 69.74518 196.26339 181.03530 163.27071 241.92791 94.08854 51.12546 251.68194 215.57989 249.84713 197.31646 267.67773 176.58163 42.57128 241.23204 49.27997 13.34474 270.45410 288.54507 273.66757 225.22057 276.63207 236.31931 183.21997 166.57736 91.01797 73.68585 185.57444 208.92513
95.95998 169.39006 177.27839 191.04845 159.37956 121.49939 115.36775 97.21460 69.53393 199.52633 184.41943 146.30270 125.08382 148.71321 83.46841 54.03962 192.36353 247.00392 257.16498 21.38543 41.85118 221.63083 205.54130 94.40521 293.83913 17.26431 162.27229 68.00304 156.69365 256.99301 198.33507 77.62816 72.98739 102.18497 149.74632 130.66311 53.50293 118.09307 225.58038 219.47140 86.32758 210.04027 274.28875 258.54229 201.76853 212.48930 247.67315 279.61706 7.38409 61.92070
142.33842 30.72429 299.72588 80.44284 186.30511 96.36498 120.01584 43.00924 123.65325 95.54590 293.48481 88.08627 156.21818 185.49817 124.12890 280.29730 238.29318 295.83705 177.11089 125.23289 253.59433 82.88876 200.80562 36.67915 148.43122 251.55951 148.45737 195.90066 190.44842 245.24524 49.55720 293.10712 278.62002 213.48701 108.86550 20.64726 158.81530 115.54965 266.13325 288.37303 238.53842 280.05212 185.32416 280.40564 30.34760 181.70218 35.02792 89.40002 149.82740 83.84137
290.07031 175.02290 97.87415 129.51803 269.83018 147.49066 229.47711 151.90149 90.91678 58.22531 83.76138 55.90122 181.86139 255.01346 187.43584 59.76766 252.65312 225.93940 2.99651 282.54193 96.75861 291.70828 206.73058 110.40660 292.89055 56.09130 35.66109 295.33836 62.93319 133.87928 48.11577 77.55350 63.26323 69.15995 79.85269 9.60781 249.10670 132.09929 266.91817 269.10463 190.40066 43.41386 56.88621 25.23791 57.04211 281.97484 263.79921 39.96246 168.86629 35.03879
171.36540 165.20245 250.81559 238.43529 118.76891 270.03424 268.76101 144.04357 134.65748 12.84992 217.82278 47.61305 119.35377 275.13700 291.18342 151.84998 175.79981 295.00875 206.55872 26.30667 181.57016 175.02980 292.95274 124.93227 86.51762 207.55515 295.25632 234.08554 96.45749 206.95069 84.59661 235.16336 37.99102 165.29162 269.28811 7.45261 24.46660 211.99085 234.05895 226.11768 4.08988 268.85023 18.11522 24.70347 215.32943 298.73417 170.05159 9.21603 69.37220 45.28504
73.17436 113.92867 289.10543 289.70905 259.15056 91.34349 260.92867 25.36720 180.65805 116.10568 27.38772 224.56799 206.99397 282.79243 135.19754 3.17842 21.08168 203.79850 32.95844 36.18145 296.74509 10.34638 194.68430 120.58202 40.21131 215.07834 210.50331 187.02004 296.96874 160.73104 192.47736 290.54425 138.96860 98.98764 233.89070 10.24704 97.83465 6.73537 102.72016 218.47800 161.29382 61.97948 161.78505 245.08933 162.12449 83.46051 37.73149 190.63751 114.67742 222.60671
148.64381 239.32450 203.10462 277.06862 273.98186 37.09173 205.23626 133.60220 88.51428 156.35896 211.72378 103.47735 159.26595 226.96467 148.34073 169.30969 213.61340 116.29984 255.34818 74.41881 211.29973 235.70495 145.73121 121.03243 33.23017 13.44950 119.23131 276.39686 298.91274 150.80528 144.85859 37.63955 231.83934 128.41500 167.21761 82.14621 20.88032 5.69233 238.33537 85.97569 185.75156 94.99173 237.76708 148.19319 244.41376 274.61676 22.87565 65.57173 228.30409 100.91600
263.97751 173.29106 116.05962 66.85141 262.31377 46.59130 286.55695 231.29701 157.55252 50.89643 41.86632 171.34436 16.97420 219.96155 136.20358 283.84203 285.70809 210.50538 74.59702 91.25802 172.17780 214.37394 177.67867 30.04026 211.62696 275.37092 59.82432 208.11403 130.45991 262.99199 210.65129 230.63549 14.17208 272.15866 87.45804 16.11197 296.89515 6.35897 89.13450 222.83587 188.53327 258.85485 279.42407 156.26320 130.83727 220.51280 181.60621 282.82015 137.61210 7.46679
10.90554 24.61974 117.85984 52.84292 187.20369 272.07174 193.49185 227.20426 114.41827 62.02203 58.91450 48.52085 14.69678 147.27164 289.78678 168.86429 161.55989 142.62767 219.51292 41.15205 44.09519 254.89953 149.39459 27.41790 43.31695 27.06500 131.04479 98.85176 143.08748 56.01618 121.61205 34.58896 220.96525 84.99759 13.00374 93.16536 218.42267 14.46598 178.62818 191.86423 174.81152 157.50135 158.59855 112.58689 2.97415 296.02065 72.26681 10.87843 224.42054 134.16459
153.95380 250.25272 27.50488 238.34774 17.98615 196.31296 77.23118 31.56671 77.78647 150.99774 130.20297 27.06563 138.80635 219.72614 122.65509 150.70843 128.96143 187.93759 239.17463 247.11962 95.38855 137.38982 16.85445 40.85675 56.43600 65.52437 164.15399 70.59089 270.98899 108.42759 57.47415 67.81003 224.15267 278.09154 87.93428 152.33487 51.32908 157.23179 192.70528 28.05810 264.27094 243.97623 246.74149 242.91287 279.89307 287.99354 177.00063 58.04643 291.22905 12.07570
275.38517 227.15140 226.86297 205.64073 18.62546 228.00392 174.57709 176.95339 273.79958 88.65038 56.66358 9.60801 297.22212 42.16343 224.23607 253.23449 31.06988 155.73026 196.35768 126.57947 50.94180 40.46303 28.38229 288.43060 283.92420 39.93194 264.28367 108.71246 88.12053 84.60922 260.89914 86.52597 134.67434 35.67841 123.66521 178.88618 251.43837 87.93270 181.33012 27.22898 75.85586 35.44422 35.08147 216.38033 225.73121 299.09462 103.08253 137.57241 47.60007 198.47263
163.45402 202.89423 123.50476 182.43491 140.76879 254.27910 163.40652 242.66492 174.21618 56.80022 273.37884 37.78939 140.27267 266.49229 208.57488 185.00930 87.38395 9.42889 119.61638 148.26365 133.93691 41.56507 176.70806 85.16125 76.03442 281.06113 32.23795 56.60747 3.56651 132.17831 15.19423 173.41663 175.96367 237.45333 56.72971 97.99737 204.64472 10.71476 200.96568 151.70221 174.93920 70.69742 103.71710 285.78126 127.80518 33.63868 206.14855 104.88759 182.55167 37.15191
238.80366 69.52769 258.83053 242.70202 179.96110 62.43760 86.31459 10.19153 299.74349 167.20001 172.43233 3.62569 90.24196 274.02612 115.11792 229.37733 278.72777 233.97822 118.49759 26.97584 66.38670 114.30688 276.57907 43.90508 227.27919 171.52804 47.51327 206.90043 49.83930 153.18104 186.76608 196.03834 225.43131 227.19516 151.75450 275.25242 135.11632 170.10421 198.18419 134.84716 248.18260 110.03354 249.46496 76.04760 239.25766 100.55853 88.03640 74.43337 272.29893 100.22838
96.90527 129.99026 179.69348 216.05946 97.65165 205.16751 264.12758 114.35614 195.76894 244.02135 158.23878 16.43591 29.39328 204.37916 21.53072 220.24651 42.38965 269.31074 221.53391 99.33159 18.70803 42.23897 261.69525 32.14488 127.22512 191.33532 133.45016 187.30429 168.49995 146.91703 81.55409 185.57435 245.81617 158.04779 121.49179 202.79034 133.23268 45.61354 186.05644 125.03110 75.59275 297.18016 23.87205 276.72730 105.86730 175.19689 187.60326 283.94277 113.84097 299.61556
252.63637 248.65968 38.71972 44.85818 87.81173 117.13151 201.55032 56.57001 18.98699 278.23697 30.86556 142.71223 243.94702 53.81883 143.28599 140.80936 276.49050 268.49486 182.32097 48.10555 191.54481 207.73918 277.92923 43.09327 216.16685 10.42664 268.80863 28.67676 231.28653 147.20880 196.63099 170.82783 122.56455 217.06951 293.75317 155.88459 215.86159 73.72441 104.61633 57.37567 164.44604 25.72961 189.50983 83.43344 56.47081 116.13045 58.88148 105.99991 278.09747 123.39458
28.65023 101.39781 226.49370 51.72300 272.18307 13.96095 293.58962 198.10441 30.71139 124.37876 194.00778 61.65338 283.10369 119.17451 222.09113 36.68503 33.61145 89.41742 95.96554 186.38367 180.40011 231.78260 185.06360 263.86226 133.53901 134.90384 288.45088 239.62966 241.22318 111.20674 186.70446 24.94612 124.87247 140.01873 104.77328 51.61437 247.26966 202.70183 256.94925 115.45745 213.35432 37.92437 225.09291 223.82343 130.12760 6.53655 200.52603 173.54223 291.46313 161.81202
186.38424 61.97584 201.60048 153.95100 151.52681 253.86034 264.91357 93.95945 44.36145 258.18025 278.40393 34.34458 216.33839 146.69853 262.64033 24.39456 82.49037 231.47640 171.72316 112.93040 65.24166 61.31823 146.42311 191.72734 44.75589 103.11114 151.53067 158.35200 194.90315 196.43041 227.13371 127.81724 109.62398 122.01773 265.36855 3.76377 41.01231 119.23629 237.22255 87.24934 54.52201 72.91922 171.31667 66.19529 168.74709 49.86816 74.59431 29.60646 90.67492 149.78330
156.14287 299.26222 79.60454 234.66829 149.20492 289.76426 247.07283 279.81532 195.02928 264.54130 265.19835 232.78937 160.36007 228.94998 287.38763 297.94710 285.12175 187.81300 148.89155 298.62940 155.81748 278.67988 28.72898 203.06680 41.15564 117.54167 299.15926 33.73920 90.12308 146.27922 60.83212 54.71258 85.95938 56.45635 254.51441 258.94699 156.98390 155.42458 203.92595 149.49391 66.01650 113.76047 32.01891 255.60017 236.81282 174.55597 30.09710 163.80869 14.27906 291.79745
50.78534 141.59553 229.26125 207.71828 176.37534 88.44572 212.88198 179.39353 203.92046 19.93480 118.38264 240.22892 34.57417 169.63401 266.11915 257.99784 246.45397 58.11195 217.43563 121.83033 295.74186 117.62143 84.40497 249.80060 286.35258 280.32005 230.51328 204.55327 40.67303 296.87311 237.05515 109.06482 67.00561 296.39698 281.34540 72.46086 233.99696 292.16584 103.84214 45.84746 47.24040 222.50117 61.02095 190.85437 270.97653 33.82998 130.86396 116.38599 31.18876 151.02944
103.10944 61.77728 103.20671 225.59819 162.75610 203.30008 224.08859 159.88669 297.43610 198.79407 35.97807 205.26394 163.59187 136.66203 132.05959 133.99861 47.86447 295.02284 206.07108 128.34366 242.07688 44.26307 282.93836 143.50858 83.62498 90.63725 87.43685 143.03277 113.08728 174.78110 210.63288 140.61949 20.49185 146.06011 187.54773 16.75597 163.66434 120.90299 221.82382 73.00213 232.78182 294.84636 108.42218 267.32831 190.22748 54.87886 86.00718 240.24366 127.92896 296.62750
192.61207 20.06348 273.77577 294.26118 16.95483 23.48464 285.08036 40.38184 141.10655 33.30289 38.27154 91.90700 192.66332 22.67947 95.08608 167.68578 82.55440 297.17176 235.11938 171.85871 188.72441 236.08665 223.85992 128.89437 46.15269 204.70229 255.05930 129.72885 254.42124 251.40427 294.32094 271.34183 186.97006 285.61044 244.53369 154.46955 284.52826 80.71393 207.32814 119.55055 6.02394 225.33797 130.83252 195.18467 270.63164 292.47749 164.62510 9.08558 156.92740 51.25952
261.34349 50.11757 88.65655 116.47512 212.44191 75.97692 93.26283 16.90028 120.82326 194.51561 88.53767 30.24771 162.51280 29.74636 284.13040 23.27307 231.10876 45.58328 29.85426 185.17644 98.37614 112.16337 92.50086 152.56860 244.94033 282.95358 209.42495 66.35722 55.68692 209.98770 36.21603 4.09964 231.48391 247.85030 193.55621 12.64918 1.41418 93.33680 188.21771 44.86844 234.80254 3.47398 90.62028 137.66489 231.80520 157.63862 209.92801 105.24221 266.14935 152.19415
171.68124 195.00794 259.89081 1.88841 148.15253 8.25997 22.89687 125.77681 87.75838 277.43665 238.67283 271.30557 54.48327 72.68875 290.50466 55.86893 46.34434 120.49745 80.77182 262.51453 20.28974 278.60054 256.62667 240.34824 211.46682 32.20742 126.64328 100.65913 293.38039 296.85385 21.33917 255.39351 106.73764 130.52389 154.29597 279.09053 8.78002 15.86415 278.64500 205.74333 79.33981 59.06160 230.55023 246.15671 83.03213 201.05954 55.91785 135.57766 208.59722 254.15439
183.05475 161.16115 111.13842 177.00922 276.77969 71.05993 230.03749 76.71168 197.45475 265.50278 251.76694 262.86827 240.61616 107.90010 214.20435 166.36254 180.62172 39.44262 114.55367 182.05285 134.10449 220.60039 247.17910 184.58178 185.47310 29.69328 162.53194 254.79757 237.08133 175.74185 66.43539 241.78013 260.40802 263.15274 60.58006 278.89936 214.85528 178.31523 242.66284 65.11596 199.24429 174.06119 83.44366 76.64112 180.73982 87.06237 189.57727 214.05886 55.02130 219.12281
220.36294 291.74398 154.18577 239.82414 235.75160 89.03654 71.83807 283.07273 292.44914 7.24978 175.36114 5.52371 138.41034 58.72756 173.43124 156.26294 251.06419 164.35310 238.52937 245.53388 15.59837 187.28451 187.71782 232.91476 263.57403 290.56906 201.33196 110.80096 99.12761 227.88765 24.10733 205.87016 136.95360 297.06420 273.65886 263.90750 265.74974 231.64943 57.29214 215.11571 225.25822 167.35129 177.50983 24.89358 100.46153 48.64288 83.75761 31.27788 100.16045 131.71814
93.05073 29.03878 34.44414 10.29398 293.66776 24.09782 121.15241 49.58951 211.42033 113.26661 149.91756 175.79583 70.26919 94.47255 169.01236 168.33487 59.03698 108.22342 141.06400 165.94712 136.71544 29.55518 142.59355 130.65923 252.13846 9.36181 107.09453 46.86788 50.50529 28.33919 282.54941 122.46800 130.86894 262.39400 190.60772 14.37110 218.47105 128.49222 165.55409 220.22366 6.45519 119.99105 186.06273 25.21944 200.70429 28.40605 33.74449 90.67240 26.77500 9.79927
146.32912 60.91875 284.06465 271.39578 85.21444 211.68239 43.39028 199.54211 230.16514 55.31091 24.61197 253.33431 154.78816 116.56065 256.41844 179.38065 5.53439 109.20579 203.05292 258.82515 53.61280 251.19233 299.92395 182.49816 243.27692 142.37039 173.40695 50.48211 220.90778 107.16731 158.65195 53.10704 130.26304 32.96879 16.99742 57.04787 291.14882 218.60184 100.90530 249.80079 299.73728 113.72094 80.28515 203.10160 210.08776 237.70372 187.58425 209.94887 76.58571 212.13934
271.44341 264.42116 231.04145 218.47423 118.88250 78.22459 165.63191 132.97823 83.89517 150.64281 116.02797 247.70004 163.71981 74.30829 47.72530 227.16283 223.49988 171.46504 230.78688 115.97767 156.68793 255.17419 152.31629 148.83181 111.00076 157.26330 46.37415 86.24362 193.00407 157.56355 100.21043 285.72256 198.60174 215.56605 257.21156 284.23329 98.82283 138.15936 238.37759 192.45175 128.45743 192.79144 209.39503 251.75358 19.41394 144.13528 69.45209 224.15898 222.21187 258.38510
144.16714 42.27142 167.97450 213.21693 108.69877 111.13572 62.28965 80.60485 100.04056 53.86276 291.47928 219.58075 208.95070 250.91592 257.42857 90.68423 258.17930 246.96587 288.99188 253.57410 291.97985 226.68822 213.05499 62.10951 110.90696 286.22089 168.52870 94.59625 229.52513 156.43254 282.69143 2.42953 105.65873 80.46935 145.09522 115.96804 289.26645 21.96021 103.35189 277.15336 50.43964 254.54672 244.64132 157.27778 225.78138 179.71628 22.72938 244.22623 272.39708 254.73465
210.95096 143.05550 150.44899 98.52462 279.63745 94.63109 85.75578 69.93403 278.22914 71.40694 35.66655 87.83899 249.53429 197.85260 280.38278 244.16474 209.49269 94.71001 228.93090 139.32637 244.11554 85.22614 148.68526 20.74254 5.43969 179.39422 97.91637 211.02588 107.96940 65.37114 176.19671 289.79334 210.49078 41.04109 294.28271 253.09504 66.00129 89.28165 262.78329 221.99606 226.16090 278.79070 46.49362 208.54038 282.31077 279.24971 154.29057 39.70253 274.77868 26.75746
140.18053 98.09080 97.65349 42.23430 37.69006 277.38191 202.56231 289.85505 57.07176 73.86889 84.14811 177.84380 161.61173 257.54520 139.86107 207.02660 283.70159 127.60101 77.91452 110.07618 124.37644 216.56462 186.25528 62.15756 97.31208 202.47692 262.92342 229.44169 153.01886 238.51062 182.22834 38.68283 149.34311 29.71432 64.73133 248.65940 66.61336 38.01017 65.12249 159.79866 162.06817 68.86300 200.12077 86.06988 240.03737 211.09097 114.73945 123.02224 88.42588 54.53566
37.64982 241.52032 70.73765 145.67739 27.35376 200.86280 190.61644 42.24311 43.72164 23.74830 288.67526 55.03494 58.62268 214.28168 81.03503 217.86124 241.00617 111.17114 72.65882 184.23422 104.01517 171.79383 253.43212 170.05093 149.81201 264.64458 80.39065 174.05644 117.71690 297.15953 208.03596 43.74673 54.69828 283.66166 209.83381 6.72846 285.46139 257.99450 208.27463 213.61240 59.72873 154.24924 152.72672 290.75413 142.11753 290.92044 141.77282 114.55288 291.82763 228.22538
257.08083 269.04271 121.66535 149.03788 165.87086 119.41162 220.23855 6.00488 95.65432 244.39716 174.97853 128.17869 44.13294 114.38039 174.07315 58.59931 181.80657 183.47938 136.43713 130.89859 36.16171 253.65469 271.30479 69.43607 216.22149 169.72024 221.46525 294.33713 299.15710 232.04394 43.27027 217.13773 183.38699 37.32715 210.07701 68.48193 281.18471 85.57868 66.35419 156.42956 144.08339 88.93588 281.55472 173.56792 36.89084 140.88083 233.93308 237.94169 22.44385 57.98238
161.58651 97.21256 146.85735 169.61439 22.19871 44.52420 242.24164 153.97988 94.47321 211.57698 75.93400 179.22028 220.17582 223.66673 253.62173 179.54040 127.05922 168.65969 234.01050 216.12623 170.71821 106.01631 35.86288 264.50199 146.21227 16.60663 81.48752 172.59749 65.81633 218.70094 250.51886 249.15617 290.68453 115.38948 59.93140 281.40682 111.96746 20.95137 44.66925 133.29465 175.37067 129.51783 229.93204 202.70478 18.71421 40.99923 175.71555 89.18623 226.84187 36.47307
87.49702 11.06171 100.67153 251.93623 251.51299 171.50694 192.90674 90.55864 48.19805 29.95282 185.09586 286.33934 8.76184 252.70939 103.27470 42.15879 74.83535 5.51124 151.38685 237.47727 237.56958 13.63921 240.19262 240.67951 54.06341 168.62963 28.49868 115.05958 109.00576 12.45889 22.95855 237.74496 20.48930 223.05039 44.99276 207.63923 176.57784 291.19293 94.15410 246.78458 275.38426 13.02532 289.36854 108.08720 39.77247 4.91080 299.05950 92.48765 182.61046 76.93854
256.79656 153.23719 50.55073 133.57175 254.01632 273.21496 44.86494 34.98075 168.32745 105.70876 158.87840 257.01597 185.92034 37.48355 253.74237 62.15797 156.12921 60.82222 299.64190 82.57249 209.69408 295.58659 282.21986 220.24379 196.29246 155.45134 290.94165 117.11925 142.99031 28.79779 142.30934 71.11807 11.17584 49.80129 157.83561 76.88692 254.52436 199.07562 298.54587 211.57610 271.29640 98.21838 37.52394 291.70883 71.51201 257.25649 224.49927 5.37832 79.61645 152.60349
184.10521 193.03557 132.54658 187.71119 158.00295 74.39011 204.72974 144.95725 221.77167 184.46439 193.25530 49.72797 12.81859 63.25737 81.71496 213.30183 218.84897 246.86166 99.95929 68.60319 58.15442 213.62429 172.28539 25.30038 223.28301 79.62286 241.09199 61.21366 191.12073 251.77252 4.05613 280.80928 274.95334 226.22738 226.87273 62.13020 210.94021 18.42474 209.14410 21.91931 132.26283 175.81590 130.90572 250.34001 64.00109 198.46539 209.87687 273.59257 219.65407 9.89550
58.84010 279.94137 297.95923 184.98306 284.69645 130.50473 16.77153 163.03093 164.84980 42.00459 62.52508 142.64787 25.40495 100.19857 162.42605 65.67206 65.86149 145.44450 168.88803 73.20979 284.44391 79.66461 213.69840 37.57431 82.65406 141.61909 262.66840 237.83678 130.55011 181.23649 85.37585 126.06030 152.24720 218.01415 25.70673 208.65991 176.96606 250.58467 117.11059 62.04251 222.06143 163.19556 36.72128 94.25894 245.52819 109.45986 271.67910 49.14567 115.19925 259.92778
187.77594 182.25128 11.96672 61.97120 296.16020 31.31219 248.16059 65.41321 50.33091 266.66759 189.98288 144.48941 263.37897 236.69871 25.64056 53.69555 139.27710 78.58597 5.77444 283.44571 234.12457 82.57987 30.28622 258.84188 236.00888 144.24258 109.22719 10.73491 114.16688 250.73955 174.48016 294.06266 38.96253 202.33002 83.26260 203.62222 270.65000 260.31707 210.58902 86.47058 52.28553 97.58778 288.98493 174.86734 13.23020 272.82905 104.42084 277.02782 137.79963 283.20929
250.23070 205.94257 85.24270 54.42134 73.60162 100.53179 123.42898 54.72474 145.31516 211.50787 243.97766 188.30160 139.71054 17.44761 164.61533 226.53583 298.90284 133.84396 102.61271 50.85381 88.24884 192.02588 30.97244 54.37830 43.28831 178.90017 93.03389 20.09651 46.37686 68.27341 147.79198 52.33036 14.76709 18.80733 278.56577 188.67457 130.86818 150.39356 37.31370 25.01939 177.82815 35.56017 122.88466 149.76471 136.95382 224.67206 121.65701 132.61990 87.07130 173.65360
243.42222 187.25356 272.82978 17.92966 226.67119 238.08089 292.97106 133.43654 148.39241 240.64689 65.09055 214.64595 223.55342 134.59053 121.02729 151.55625 144.41081 90.40337 185.39187 3.50616 211.20226 263.11372 27.45295 58.92163 263.63566 35.62285 217.31108 129.71162 27.11719 153.88605 46.58240 96.18637 268.96824 244.61767 129.87037 36.11980 128.95445 31.67761 284.62584 61.68085 69.73897 269.12177 262.98703 49.22869 18.59306 43.37207 16.92642 70.68278 254.50863 11.45829
28.53020 239.09153 22.38325 296.47917 97.56190 73.41110 83.73263 24.75554 211.05858 93.81656 136.69179 123.11828 191.22745 2.97753 190.14267 1.33336 294.39660 89.18859 278.70655 130.29083 218.19170 143.51993 272.26739 212.67222 136.75764 219.07137 82.47169 213.08959 191.11849 10.76186 190.47685 19.64191 229.39667 271.55097 2.89758 115.01658 132.20373 85.22432 7.12095 36.50855 112.22168 130.83935 75.87820 286.11484 259.73439 15.25944 297.23090 203.55041 14.00853 261.51743
76.33547 60.86063 134.06090 28.67651 245.66771 89.75434 175.42344 81.66413 171.99948 42.00383 145.31288 240.32520 124.24402 226.83533 256.43211 27.39034 67.74673 89.26535 5.94438 93.15680 179.09073 169.66416 62.82106 127.65772 231.21922 8.40418 64.85197 212.15069 295.33563 35.08483 45.38761 287.99714 166.33935 251.93232 243.79454 252.86739 288.97131 7.03253 213.06678 7.10909 34.53054 237.67132 93.12444 35.30239 116.35643 78.48910 73.92723 72.17677 54.96193 210.11552
86.77814 118.57345 144.83985 257.13449 54.57874 48.03950 239.05817 181.87303 97.64452 20.91825 22.11935 164.32449 144.88015 30.35874 275.95336 76.23037 145.32032 16.50897 53.13573 257.67510 211.12964 226.84850 228.65067 234.65934 201.55913 277.52531 113.98470 212.60157 70.16593 198.46853 137.61437 127.45466 152.23763 60.65125 214.27928 94.96201 279.34460 40.54252 288.70183 47.89573 149.23629 168.77935 216.69162 166.12901 214.54400 142.84837 115.44847 101.79372 136.92791 46.06787
79.18713 171.74346 173.81033 52.10277 12.12354 101.15714 191.88726 133.10443 108.92176 62.51475 172.27113 90.03275 234.58267 95.83420 115.00025 92.10614 143.10226 26.97783 65.45517 116.37737 92.41091 115.70904 19.12566 134.20026 98.51146 84.20050 103.54642 2.72648 195.11783 43.93991 17.44356 105.98996 9.50393 75.86537 264.17903 11.34186 223.91894 126.78841 249.67104 24.40316 208.93574 233.00398 293.74463 100.95624 9.86636 109.70555 247.37503 204.84544 214.84434 198.56940
92.57894 137.43398 127.80401 105.69267 260.56730 232.03886 52.47135 123.71856 204.58832 225.41054 18.22987 170.92333 24.12617 168.01899 58.12886 274.27175 277.09009 250.49588 25.53251 209.78689 215.85300 137.86067 237.87805 15.67206 286.76087 194.33278 141.42109 289.72242 211.06458 80.25109 136.26271 64.87739 61.28512 163.66296 167.50487 137.34880 100.85707 209.47820 262.93673 266.63535 117.82796 254.91937 201.58709 29.01735 136.43195 99.30751 83.09153 258.06598 158.22904 239.24155
264.56355 129.88811 108.76753 101.48944 250.05049 15.67015 116.71990 45.83134 146.78545 162.56326 203.04968 208.11735 72.95876 122.71447 280.18668 175.34728 244.04910 161.38308 22.35342 278.03399 131.90599 97.84818 278.87265 145.59687 56.07253 105.11965 280.34859 88.88289 219.49595 162.84426 78.28572 229.02737 17.64021 292.14298 181.81177 23.11702 192.17333 37.92895 183.66368 64.00412 101.15733 116.14482 167.78734 238.34636 242.40037 164.41381 36.85682 16.33626 152.36851 106.98714
123.34116 118.30499 106.29772 29.81867 95.84500 47.24620 13.67551 273.45313 213.67759 11.25966 113.71738 15.51683 144.02759 60.33905 91.90390 130.64625 71.49725 185.56877 63.59971 276.49163 247.21843 140.18996 184.47626 244.42561 57.18143 106.55793 87.57287 102.16853 59.36427 246.84053 158.73877 280.51976 224.09372 270.16683 135.28736 219.26239 291.30342 290.97745 71.64275 114.67522 284.07287 200.56176 106.11060 27.57603 155.84415 49.35633 299.94368 271.86622 290.82058 189.49650
297.61146 223.85442 184.76654 94.13921 168.11583 115.47037 95.64333 31.30766 152.06113 202.86811 129.59487 246.46374 17.09515 44.87247 279.69879 290.25995 80.51408 299.33031 124.84191 140.30091 30.38374 232.93714 147.37922 276.26173 291.80794 25.58056 109.83204 289.92153 84.35031 39.51750 102.53405 44.39008 18.63026 64.19637 50.17149 87.11792 236.92667 264.22519 255.38523 108.38918 199.95921 248.17847 208.77876 242.25245 199.46915 93.14169 237.72581 73.36311 265.25652 60.78650
