116.57278 228.22745 287.49644 17.06149 272.31574 88.13621 251.02983 77.98188 100.08835 54.47882 156.41467 222.23370 131.01495 58.76986 249.84622 32.89214 253.41073 287.95802 183.85629 241.02933 16.81146 98.75912 69.14127 275.73581 246.29451 47.92550 279.28064 177.70215 112.58840 33.59840 258.65393 32.84788 16.27644 98.70138 204.96959 274.40119 166.96109 181.19631 133.84266 46.54113 121.16814 55.24878 147.21702 292.85876 115.07289 87.45129 287.29065 142.46593 219.18151 252.18148
282.18747 132.67937 175.52660 212.94902 245.13672 6.88445 226.57812 113.35542 32.04570 271.04106 25.14750 39.74750 249.49065 40.74725 60.79557 260.40666 145.38866 185.69390 285.86755 255.48489 189.73903 142.71010 200.91320 65.19361 21.22184 27.39792 244.12219 290.51955 95.93206 161.36349 212.72158 29.95828 200.17296 171.21186 26.46674 290.36462 161.24734 88.32505 117.02195 124.71588 255.75039 131.67440 22.03475 1.13943 86.45813 156.85233 280.50269 284.14057 57.29062 111.27525
146.39746 31.64256 265.94028 261.54745 212.11806 4.14190 70.73723 295.51280 281.71311 278.02340 128.04801 258.29960 16.81555 116.63300 182.01312 95.23552 1.27844 108.49855 129.02885 212.62928 41.07504 200.81500 13.37175 243.30653 79.01184 176.98750 185.68907 108.94488 227.79782 27.16604 220.25241 233.95873 240.79655 145.90209 114.08671 103.15310 279.77022 242.88388 31.99480 167.48667 164.69054 9.48473 40.37123 1.62913 111.35428 186.31331 168.62679 38.88952 7.50378 157.42242
61.81817 148.25152 184.36582 175.46266 29.43545 291.81957 297.03277 75.63303 60.08268 236.05254 231.27351 163.78852 203.40246 151.27196 165.46054 13.80598 283.42252 133.12958 130.06816 297.37750 83.39914 236.62557 96.95234 197.35913 57.52733 229.67110 59.84365 179.00760 9.91139 127.98797 38.91622 130.44160 43.30000 9.12649 249.83053 201.88551 235.11767 34.04991 248.08332 46.67122 290.35206 280.48455 39.60380 251.09224 162.79489 244.83348 162.35592 170.86929 139.66682 273.00994
135.17753 245.64738 231.45861 289.11781 5.90233 210.98106 227.22964 203.61069 102.66560 146.95886 146.21606 278.61681 173.33847 47.96731 22.95952 125.31344 211.73940 164.22524 206.19393 264.23531 47.36512 6.07671 4.28810 167.59618 40.24954 244.48920 104.88437 190.92772 68.01587 80.20483 2.19883 14.49728 299.14292 20.97315 44.51754 46.48441 176.95939 283.85021 152.79812 35.28099 91.09314 205.69432 195.57450 239.12496 292.93592 232.74294 238.90309 164.37693 133.22351 158.42896
159.24450 182.28406 255.47148 5.28067 269.42845 68.09981 226.82518 67.41980 280.66503 263.92774 98.48937 2.00480 60.21080 169.48718 91.96820 241.42299 42.50928 43.18153 81.01690 146.71463 77.39820 65.08177 111.48752 100.31439 193.34099 223.21887 9.00623 169.01532 95.62739 257.85144 260.50635 165.64843 164.08440 145.96403 130.39360 175.56005 195.96769 254.38955 170.52847 39.01299 271.60936 270.59158 139.53856 157.29744 189.48318 285.75331 213.58967 197.77996 296.69157 155.93463
226.39570 30.56060 26.25900 168.58163 119.71574 118.62930 30.74460 16.24702 175.23855 3.33467 217.31301 190.95445 173.55988 243.52224 100.36243 252.54556 280.82165 122.66058 280.68757 185.43722 279.79041 40.56628 285.56132 64.39389 257.31486 205.83167 158.60580 67.25442 174.02850 36.10659 104.61254 103.66800 6.35936 235.19341 142.08712 159.35684 194.66983 131.46465 159.89150 166.99999 267.95446 116.02067 234.99840 187.84043 286.40352 254.45968 31.53080 96.90180 132.73992 75.84015
202.72531 149.78309 220.72619 242.61864 47.90371 64.40885 257.71140 147.05715 278.90217 288.16493 242.14309 68.08062 32.48039 141.36408 268.72079 145.68264 120.64929 283.28938 106.28869 75.70760 250.30974 84.06431 186.95559 12.41055 75.56913 191.72281 159.67200 264.42810 204.76901 22.72612 130.72223 171.19181 277.74535 41.30167 137.24614 242.21187 253.84622 69.58749 148.60435 175.92268 57.33700 200.73701 86.12343 112.41448 263.95486 253.03473 29.40982 22.13059 163.32056 148.51823
117.52642 27.92103 123.95110 175.51543 197.35742 70.09006 96.00022 226.42550 248.65640 263.08686 269.86064 210.06554 133.59904 136.77268 246.76249 125.41123 62.44723 247.41692 179.04496 191.47857 191.99297 70.60302 189.02894 34.09255 20.78644 299.59736 123.28827 36.40339 171.74253 162.77697 56.18936 175.32170 146.70791 11.16036 172.09954 151.61277 42.31109 84.18912 251.06200 165.48339 114.21630 232.05859 74.35213 27.68282 202.07441 275.50556 209.91313 127.16102 227.25953 4.72243
295.63511 199.28174 183.56993 83.31058 147.49228 175.48393 225.01304 133.63696 46.67238 42.23165 277.53963 131.49992 265.69489 107.80215 21.51508 138.71069 133.57949 256.57312 157.53726 249.15589 115.92170 260.14120 229.90137 150.74919 169.66368 22.70790 272.32817 2.27487 209.36715 9.17854 190.24388 64.08702 154.27891 6.79049 32.95187 27.83422 99.47318 84.93859 133.76993 276.23717 98.25759 61.98609 18.67677 138.08883 162.63505 20.29266 252.51538 164.79019 65.61343 21.78328
160.25953 198.93841 184.56209 112.35808 216.77568 116.96476 263.11920 197.85885 218.53880 278.46523 100.82895 200.97620 246.04555 192.27570 29.10288 11.51312 149.90206 160.86775 186.78251 97.36035 249.75765 211.40867 3.04174 124.29729 117.15406 218.54971 20.69226 283.72473 197.98968 45.73089 6.53141 217.22624 128.73505 108.75811 288.43525 260.09922 151.43130 288.56879 260.20170 296.73340 242.73974 53.86190 31.35098 178.76356 40.96594 84.54155 80.46051 74.98429 297.54547 161.59303
163.68442 285.69200 119.74990 40.58847 275.00419 31.30557 45.15614 229.91600 269.51888 69.67607 65.04329 29.39315 77.09549 91.94034 105.70327 210.63000 98.93585 22.35072 200.73242 268.60422 120.99581 223.29171 287.96577 175.75768 3.10497 90.19766 10.02266 175.94207 204.32536 146.11456 267.07812 285.73451 297.72904 97.03233 240.42385 205.23682 53.43714 160.85309 260.17272 114.43327 45.26853 130.07823 247.51535 20.83532 145.79629 167.51085 259.40524 110.77439 243.35481 150.82222
197.26861 122.07256 128.78569 108.18828 244.61349 182.96939 225.23796 244.03354 172.86141 246.21800 167.84990 105.35114 68.11292 203.09279 52.80070 175.93719 2.69871 111.10867 203.50023 262.22933 187.56138 82.11788 62.34076 54.82452 200.18216 59.09607 224.18439 262.83118 176.90334 64.27046 114.60140 169.99626 197.73443 70.43579 20.06411 140.44475 130.07746 150.57138 241.75628 46.63209 197.30916 290.50876 26.91076 238.22809 58.77462 185.82426 55.34751 75.69445 175.35223 134.70377
265.12149 50.90810 215.52587 118.09341 108.20171 57.47347 226.83676 45.02250 111.20711 53.22049 177.50214 107.29193 196.48712 223.60195 131.42485 83.04120 37.19795 147.70584 226.18618 40.34674 195.96455 12.27332 209.77909 8.22944 287.09355 104.41425 59.49829 265.97789 235.79680 115.40155 204.86058 90.96983 99.76310 41.97945 91.69075 298.43290 146.31143 224.49925 271.83291 186.29756 91.60522 202.13183 247.71039 27.29815 127.07725 122.69358 48.59640 233.68076 135.76880 231.57344
12.55047 266.96352 200.73245 15.49132 252.64705 255.75916 173.68372 264.05356 231.01182 203.50270 3.10934 11.94308 66.13502 169.97661 296.26849 263.66702 94.26414 181.59861 216.72888 249.25320 194.90249 209.70682 221.56117 9.11796 200.90438 256.18771 226.62277 145.46232 194.14278 170.71000 105.90178 276.90100 80.72421 204.14974 47.27411 81.91030 132.40657 173.63751 226.75296 82.46521 155.23431 257.96969 224.63041 139.17515 37.66120 17.79423 240.55910 298.90827 171.00625 235.32373
152.93133 276.96033 293.62132 130.83480 192.26872 149.04144 11.88162 204.41558 172.81948 33.43127 128.06753 16.40434 229.86605 260.46644 35.49021 200.84714 278.34006 11.18899 235.96464 4.70835 35.32528 242.56938 113.87092 58.69243 212.31558 97.22276 10.47994 225.85655 246.06856 134.99509 195.22372 230.95551 167.36213 192.71939 173.01717 29.58512 51.92514 59.20826 31.88891 6.39792 92.46094 298.11472 133.27275 241.31163 251.16351 30.34348 34.07269 155.01699 157.37095 192.73554
249.52043 202.14887 23.54384 94.64548 237.05479 66.37292 269.06590 211.44465 242.27072 287.17685 219.01591 258.48497 174.75316 276.92492 108.02556 38.06302 55.03436 45.87547 94.20862 161.74351 163.60159 130.34685 115.67418 44.71296 27.23662 135.87927 180.76998 20.38262 13.22454 170.02759 29.04943 173.13236 285.30025 291.04176 215.18638 141.77732 127.23695 58.38606 201.26166 281.72545 80.35120 266.29601 184.65159 12.22524 194.22096 241.80842 293.16636 126.24952 27.38048 138.24937
278.89216 63.27827 62.37357 224.26851 215.46137 113.31299 291.04978 41.66878 194.35387 132.71902 43.23948 20.26536 191.00181 194.25921 179.43888 37.76695 213.73247 271.50897 275.67755 212.94891 55.01962 136.44186 249.54499 45.67579 151.48875 142.74900 229.07471 271.14929 122.93681 201.29747 263.66659 88.98298 225.31670 262.05072 41.89321 8.11477 164.40119 261.42349 167.52863 174.39608 115.05723 56.89729 24.15965 261.35226 138.04711 208.83611 291.43329 37.04810 93.43544 164.83196
35.25107 167.83945 80.55638 23.07812 49.11938 29.74349 161.85212 244.81497 43.35815 124.03410 137.87933 39.29501 234.42408 149.30466 59.79940 20.24176 291.84391 201.47339 254.07315 267.80226 249.48183 8.56291 229.77382 215.64506 265.50334 71.19899 35.55461 235.06245 168.92983 268.86274 90.77302 262.98597 223.88131 12.31865 179.53423 191.50637 129.87840 164.43814 268.03156 225.25326 76.99056 237.44925 208.14076 80.88117 89.93539 108.36469 165.19092 124.07775 262.41802 176.70743
50.63841 238.79342 119.34848 133.86886 184.04624 150.85202 61.62536 99.10505 93.47900 201.70611 160.87796 248.35257 137.24853 263.64535 146.66948 63.43033 62.67102 121.06157 195.00341 167.90812 58.92533 165.18680 176.59507 9.10045 271.92042 234.08751 25.13043 200.06098 238.56852 80.67479 19.61484 105.14830 116.66232 126.15815 291.84483 229.09888 133.68362 55.52043 194.18986 259.84572 46.04828 172.15304 267.78292 266.77367 282.11313 227.96536 88.82085 282.57633 265.24729 19.99615
20.59775 216.39135 206.66390 267.20094 270.10774 60.67889 166.88576 59.55935 147.43817 115.98221 235.66028 171.84346 44.36300 59.54281 33.02394 146.92135 236.85445 188.68075 210.34892 155.74509 167.20576 86.05852 156.43531 280.64678 277.99804 80.10570 113.57937 63.10316 298.36981 170.30254 6.26085 196.92366 80.56247 147.39304 130.21092 259.23422 121.93088 112.82792 29.12490 186.41068 130.45629 284.92180 199.87881 116.19406 136.02670 33.15656 215.18050 240.49096 208.46141 148.71778
246.47083 174.45938 136.12638 10.82967 210.98999 55.44135 290.75678 250.92451 8.94390 206.56694 211.95440 295.76337 23.55308 62.43646 173.85405 131.59683 116.61545 3.35754 177.23596 108.34488 32.33372 137.98610 193.30099 242.56720 185.21530 144.05993 251.28641 55.86053 142.55512 210.52864 167.08023 67.07880 23.22155 39.59893 252.15231 283.79161 294.54924 48.01787 32.70780 128.60697 111.21131 53.13123 208.45124 48.91968 221.37076 173.68085 284.41171 240.60600 283.63110 96.67451
29.54794 189.92946 219.39822 101.27033 110.70409 77.03981 74.89444 5.38547 85.36300 229.68009 162.38860 157.16529 244.99293 91.57418 165.83649 14.49406 299.48072 273.32397 235.26708 202.78999 221.64891 224.22476 289.48718 62.57837 69.54613 43.02708 205.11867 208.69015 211.72335 43.57549 261.11056 61.67642 142.86341 87.58345 4.96287 264.70241 217.48914 141.87031 94.43217 65.16504 9.97064 142.02135 202.66953 125.60666 173.07225 181.99610 133.42154 133.88653 295.93522 243.92869
150.72961 110.30908 164.37669 115.50153 246.76998 279.33455 56.31403 248.66234 80.27323 56.36950 194.77289 17.30304 101.69028 51.41062 295.10199 172.67017 150.95251 242.45109 16.40239 167.06878 223.96593 223.74460 153.23727 185.04982 11.65358 293.11326 36.35114 1.89574 196.33460 130.42449 112.59809 11.67993 109.71462 274.62121 200.07238 52.55354 238.53964 286.26256 16.59002 115.35765 193.38708 55.23423 268.94217 273.31093 15.44803 84.36362 69.43962 258.58396 229.14351 13.74451
223.40457 278.49711 234.94395 22.43958 93.30198 97.38275 12.08569 12.79332 21.56196 298.13137 35.84503 230.28402 168.88873 144.68874 88.84737 220.93322 231.12275 47.51034 295.53083 81.25606 66.08899 154.19694 268.63490 96.44842 77.27311 112.28385 245.30803 34.86044 272.44422 285.35892 199.04060 204.96148 133.26386 57.20323 248.54147 96.50391 221.77168 84.16029 255.95783 157.33274 38.16787 14.71056 61.42986 127.68750 130.37360 57.35394 53.14223 206.33394 21.12905 27.80576
297.98107 174.30087 255.27335 59.70994 68.76044 261.08455 136.46569 181.70369 223.78283 43.84140 216.17939 15.25174 173.87034 257.88032 23.22662 298.29222 93.40900 217.27841 144.53552 194.41122 65.69025 199.93724 270.63181 39.13299 260.75746 29.04993 161.25024 188.98378 102.88100 35.87675 33.15004 29.76424 60.80934 109.04121 240.60954 116.77418 2.70074 60.56547 217.29393 176.51850 193.74271 77.37865 276.16312 230.80063 204.67051 233.90072 178.83030 49.37244 51.93377 9.21358
47.38402 141.52283 126.60075 227.55808 113.33846 10.62892 200.29000 69.80143 299.58055 96.16584 108.32516 47.19325 175.52033 30.47896 222.34598 21.29727 118.37363 101.76704 160.33645 262.03401 173.95833 91.98604 95.27906 169.48901 48.99413 167.21364 289.19249 194.25995 20.72844 124.39747 60.16032 2.84020 175.50894 193.31390 293.20937 142.61761 222.18024 281.08826 173.22032 74.13633 248.96768 251.91995 48.10181 133.93263 296.73340 260.84918 1.47249 128.59547 132.66256 8.41045
155.73122 225.14416 228.12722 20.10237 201.16665 200.40007 298.37435 151.02039 164.02168 9.18211 255.89460 182.35558 108.25901 216.40887 62.66343 210.23581 286.90353 137.58973 56.14038 193.26464 253.10389 118.88112 203.02876 211.83595 29.55064 136.36238 81.29872 4.63798 5.06750 280.56010 138.16028 192.38962 221.98746 118.33171 195.59046 263.95680 20.38753 125.33938 185.26386 187.01316 132.17201 263.93327 83.97922 46.05001 1.15888 142.51339 266.10248 193.66336 202.12533 266.87839
236.19461 147.63861 119.49764 60.80116 216.45688 206.53410 225.73968 68.96265 113.77258 80.02495 149.30556 292.35961 61.86431 225.91694 189.11235 157.27462 68.23502 176.22439 150.79245 15.65634 183.13348 105.31783 97.62130 258.81097 6.79339 295.04751 45.20259 218.41269 188.72289 97.71833 211.30525 131.63409 56.94451 162.82444 155.58041 273.76475 132.00859 155.24697 9.19307 299.68161 192.61080 288.78506 82.12099 285.22239 58.84658 230.12458 170.36678 235.15036 184.14580 244.20074
66.03732 260.18716 80.29691 163.61555 20.45379 41.13767 95.22623 64.27788 38.11549 229.11544 200.02565 125.09451 204.07323 79.49545 253.30966 147.83946 200.00095 258.55676 260.95086 265.84705 278.14594 210.12438 84.64294 89.71320 55.87028 230.25736 255.74278 279.73766 196.11867 112.39191 100.36599 93.02856 219.81173 104.91256 140.14307 253.47174 124.88286 58.99353 248.16909 205.94049 260.68985 283.77752 213.37350 48.77591 111.14236 202.53366 252.52365 255.86810 155.35002 183.59782
216.69175 240.42979 46.57355 174.81734 1.86876 18.98241 235.41952 42.69168 161.86272 218.01898 70.54389 105.52188 134.26720 129.10392 109.95145 191.97072 62.39284 98.75370 1.29916 103.11939 11.06751 159.06519 124.32370 162.93160 36.74644 160.47120 148.04813 273.75747 39.74051 153.95065 287.41593 98.97060 263.67234 100.64057 60.76744 245.07341 275.08851 74.56617 249.58704 170.77718 280.41268 261.99013 209.26878 223.84456 170.54646 31.38694 245.09731 148.81393 298.19043 39.98743
101.38211 296.21872 193.34026 101.17363 222.86302 166.53618 185.49558 276.82899 239.04943 7.94806 25.98380 61.50715 25.84510 189.39366 35.42121 23.73128 93.27377 3.68049 249.44711 64.65875 171.85017 293.45860 120.69876 7.12127 113.24928 150.92080 157.58553 208.99068 219.03447 101.84565 86.42807 258.17522 250.17823 45.26462 240.63034 290.72273 114.71425 143.78149 148.93583 181.53567 6.39773 279.19788 60.69120 32.59023 276.49949 266.45002 78.88710 5.38993 222.51748 118.12444
191.19590 286.93850 281.99504 286.42275 208.58078 237.05286 33.69297 98.90922 272.22094 211.38435 216.17962 135.13017 118.46219 40.15136 103.65185 291.33892 168.93077 85.90693 286.76378 286.63709 187.07695 269.41891 166.91816 283.86230 166.32113 86.19944 223.40288 14.85355 120.32098 78.17664 32.93385 138.00546 38.11001 262.24480 112.67418 64.47876 62.17859 195.64454 133.99653 52.63618 249.01952 87.42729 54.55180 262.97882 55.59140 61.18894 144.82433 186.14343 90.58380 40.16365
4.40662 234.97340 202.09782 153.99568 27.89216 113.44168 243.17873 291.60975 124.98271 147.50384 11.93042 292.74562 120.39827 147.63784 176.20013 120.55624 5.61774 104.41646 247.01604 165.01211 81.11753 243.62117 238.63836 28.82296 195.04863 36.02994 177.59895 19.33079 34.41289 259.30972 275.24238 184.72192 237.15603 204.71489 104.57179 159.66197 7.86362 19.43979 261.10491 32.92342 199.33661 192.72304 287.98188 110.30577 209.87330 104.24701 214.10445 244.12503 286.30750 147.44333
25.85955 34.34728 192.66199 168.09533 210.32386 5.63598 288.30813 70.65514 60.01663 139.64332 45.20325 13.97874 190.53229 196.54071 116.76646 89.25494 14.54311 200.43181 291.15933 83.15332 83.18964 45.11668 54.33632 40.74878 181.19265 299.71630 186.36039 117.26376 234.83685 135.37655 20.60632 129.90133 89.07891 148.56253 42.72894 138.64973 123.08040 193.86413 143.51041 254.35127 125.16991 269.02419 61.41039 292.71108 8.30891 168.13274 149.59400 54.89170 281.97165 157.37629
168.53781 118.42255 56.02535 159.57442 145.18035 229.50647 282.44312 242.08717 276.73901 267.43429 114.89305 111.32147 271.88753 183.44221 105.42736 131.67499 228.42196 210.29172 113.27471 176.75325 299.96862 1.95367 161.43227 50.87390 275.38129 200.30236 256.86678 89.66553 190.25871 70.80518 35.11429 163.07792 184.91323 159.71906 120.58130 50.54149 16.85584 140.55024 281.21583 192.72863 65.27971 261.90918 146.78998 51.43449 129.93375 204.26377 264.56490 68.39177 294.88974 122.90894
91.12655 155.23032 101.42495 88.44837 12.18126 278.20262 284.71002 114.46115 282.91743 172.46977 18.79162 1.90828 21.43129 290.12717 53.49556 269.80962 140.60907 114.23176 293.36897 165.57876 13.06055 253.30527 39.37108 288.32438 171.95222 149.47548 132.97119 23.70922 23.15456 122.87814 35.26477 92.71354 153.58794 274.39180 278.46381 183.81544 5.88949 236.07637 264.24607 18.21658 100.69559 69.62113 232.55506 133.55786 123.08647 29.95796 206.44103 160.74269 53.82442 198.16714
179.99266 54.22498 182.82980 257.13490 235.28318 84.18758 130.80278 269.66401 202.85731 226.38267 118.73666 118.80542 194.39086 54.79220 55.85209 187.87075 216.13446 104.77582 260.58093 179.45126 132.48029 52.47956 209.45780 218.75474 81.84364 149.40924 234.94737 37.68956 117.85783 171.24052 43.93393 160.55904 121.52000 121.81459 189.72247 53.92084 236.68752 264.01512 8.63615 174.60231 45.75492 212.21278 264.19989 239.33319 214.56639 32.41591 7.84611 56.32577 57.95596 189.08422
183.83729 154.66557 285.99966 192.39244 181.86258 275.88009 142.84819 57.77034 135.96621 284.30404 29.07911 253.82835 85.64125 223.52488 164.44155 234.64744 237.23592 56.16020 5.50333 148.66727 69.20589 227.98780 70.70309 80.72128 272.37759 270.15010 295.81393 254.19508 207.79198 59.50101 218.30976 27.03050 82.73395 278.08586 94.35426 148.61518 58.40663 230.78952 118.64295 176.10612 40.61786 275.05538 82.09551 154.66285 113.23613 85.62311 12.92125 145.49921 32.22755 132.76821
15.47697 86.81406 94.15809 168.59411 66.55563 149.34028 287.02060 260.30532 220.33480 181.65196 118.29829 127.34479 272.66592 17.14672 253.97123 198.51384 250.82591 284.12120 191.66425 264.05943 225.55202 276.76705 248.64368 27.04997 39.93373 18.67981 34.21078 25.23433 204.29722 158.52390 217.85595 67.09391 166.08430 181.03562 66.68116 284.58522 43.55446 197.02350 5.09573 212.41844 20.04222 182.99013 160.37376 56.56224 262.81641 245.38224 187.68973 127.94805 204.67768 72.45794
52.15723 174.44526 92.71815 90.61716 115.74685 18.15534 104.55914 215.51441 207.23774 14.15194 144.84907 38.63230 32.02003 254.13413 220.09770 129.11692 64.43842 67.71848 136.57512 39.78759 171.74906 79.97558 78.04947 136.98581 55.92921 93.35211 262.51472 226.23506 279.22003 80.66696 146.07014 273.94225 155.98704 94.42369 145.25406 61.35975 48.00946 164.26949 13.06880 158.84501 255.53577 192.91832 76.67164 9.64571 100.73514 133.07234 242.75496 266.29955 182.09495 108.58773
240.00423 230.63133 79.96820 165.96775 3.73743 11.27660 76.98611 61.60394 297.20375 180.38825 295.77626 76.61419 4.86782 299.73152 58.80650 43.51127 157.80450 130.34914 117.21725 175.72732 260.87234 146.61629 28.41631 56.45088 178.50646 181.82390 62.90370 279.43665 58.06016 137.87546 256.74789 205.80126 67.72743 8.19665 74.85438 137.84099 267.31054 81.69343 127.52578 54.77398 225.89677 122.17915 295.90033 238.94657 154.24959 67.93757 128.22827 3.26094 223.58868 69.85923
52.27151 183.63906 122.83661 169.42705 52.73561 58.45677 185.42442 89.35221 12.90017 287.89768 256.80833 201.72483 117.90406 55.27031 152.35557 122.62021 172.60919 260.57748 67.17407 289.10782 84.36218 32.27973 208.16447 251.29356 168.32112 186.49711 297.64815 212.88510 162.60677 264.87092 262.35048 12.46651 219.09847 202.87780 79.57007 139.64058 33.17520 229.67152 108.91508 237.06281 94.10168 96.12155 172.49873 151.86088 48.62075 294.15309 40.28242 299.41245 138.30693 127.77714
114.77763 297.52192 65.26544 170.82434 152.17855 146.96524 178.32940 233.45641 46.47021 100.89591 236.67439 42.40908 145.85190 102.19073 63.21178 241.32401 132.88281 235.03730 34.21348 124.60187 107.37704 71.14926 196.39276 220.17737 213.91239 286.86544 168.05337 70.74360 7.35292 283.63232 185.42019 263.11019 261.58501 230.41958 131.27910 199.55426 193.14140 230.31061 49.47253 165.92999 233.89927 84.57088 199.03872 211.49345 252.28948 278.35638 29.11800 57.76113 290.59146 27.01632
52.48712 93.50370 299.18573 262.42671 285.41553 43.43793 286.21564 160.25469 224.41406 235.83450 136.13933 18.83893 86.23067 89.78376 142.59354 184.99802 238.04816 298.23666 237.26053 298.64467 10.74641 120.26514 101.13272 75.95956 130.95283 35.94367 64.89863 170.20349 130.20438 22.96252 88.60857 297.18827 191.82271 113.59230 260.75932 298.76415 26.24632 47.89108 190.50031 193.04068 50.71692 192.87771 226.11711 49.69958 190.75423 201.92423 116.34454 80.00530 32.87688 233.07734
143.64867 176.22614 126.57684 193.16456 219.57060 170.52854 164.63995 65.17555 208.73804 274.00314 266.34971 35.27584 199.99568 5.00412 163.21787 16.21679 296.97530 270.09680 103.39489 184.12605 297.49969 275.75244 271.20651 22.21531 37.23912 133.49810 34.56095 32.21456 121.23379 194.11513 33.66173 17.40104 3.25786 174.55291 143.26800 239.52033 265.51747 269.38043 105.64129 200.87527 258.06415 239.48231 129.11709 164.62350 258.09819 19.49691 23.51381 13.26368 251.89844 18.59852
222.02786 111.68937 186.92127 202.99162 196.25164 86.76389 147.76614 94.38489 2.92599 158.04096 14.50302 241.19434 213.56202 34.58599 139.90604 176.98090 39.48826 58.74671 127.31958 151.93072 240.02932 54.59590 154.03289 190.62454 186.38837 67.88382 118.89230 277.55299 115.86458 246.16385 284.62593 229.82869 63.03584 82.11988 121.38537 285.06776 265.63787 284.45057 133.28667 149.01802 28.97003 39.75928 267.50297 50.49093 24.54262 148.57324 273.25434 227.79501 202.26810 229.26041
21.11038 61.08389 266.11597 145.61550 177.15657 113.42557 7.29584 133.75523 84.55294 44.18773 266.34383 53.63076 38.86775 204.42453 254.30192 93.10736 175.05262 52.95308 196.85993 13.50566 252.06841 136.24016 265.47925 70.19090 179.53960 263.45170 74.80676 163.34343 268.72705 120.42949 183.21215 257.01884 172.54144 103.22444 192.99340 77.71884 105.79980 8.40766 255.18165 285.35459 222.13554 39.96892 118.16906 59.77302 18.32228 85.79937 209.82972 146.78565 278.97908 177.75501
202.43101 53.16787 130.38513 121.08334 190.35140 241.12888 190.02202 91.29768 137.96606 68.71949 40.30231 35.29324 257.42948 223.73941 256.63644 226.22548 243.31027 4.97198 105.38451 63.18675 201.49483 261.23888 193.44810 290.16895 9.61654 66.79606 67.89335 202.70493 187.72736 268.80213 95.78726 50.41005 241.71291 242.11046 6.61016 204.73698 265.90787 7.56328 279.15355 163.20059 242.47307 129.54298 206.21052 125.16438 50.34665 20.26591 232.20624 148.59826 248.21678 5.78936
208.27810 180.96625 110.48422 171.98920 121.40810 292.21674 186.61477 95.26728 77.58231 126.25835 221.63098 6.90308 239.01273 251.57228 282.58769 13.54889 62.40379 93.27885 203.05217 228.63671 63.24117 220.49727 139.14058 4.38804 17.56594 215.53375 85.76701 270.66543 220.32186 26.96002 248.47976 251.01252 62.92402 213.06095 113.93206 16.73295 284.35438 101.82658 278.30331 24.57775 204.15965 70.14222 162.32425 38.97210 15.53088 166.67460 225.87524 169.56619 80.21141 257.58124
