84 15 35 26 88 50 22 35 5 95 75 13 17 76 49 67 57 47 87 61 72 58 57 19 16 24 64 11 91 38 30 99 83 24 82 53 5 79 89 43 28 86 71 40 67 40 2 7 62 69 48 88 63 69 76 72 35 58 84 80 23 37 56 45
29 88 32 20 48 48 87 51 76 33 65 95 87 73 77 80 15 86 96 1 6 45 76 34 28 58 42 0 62 14 1 9 79 4 56 16 88 32 51 11 32 49 19 25 68 70 53 59 80 53 43 37 24 19 32 53 17 78 6 3 49 20 17 71
99 44 38 36 19 89 90 99 35 47 59 35 67 33 57 96 7 77 38 26 11 60 81 84 67 10 47 78 83 77 47 88 43 60 30 55 8 50 58 15 44 17 49 71 23 27 79 27 77 80 15 6 41 32 6 60 95 41 88 7 0 91 54 41
9 63 68 48 33 95 81 38 5 29 49 56 55 5 35 44 55 93 33 52 16 41 65 75 40 66 88 43 15 1 32 64 17 94 72 1 65 13 20 54 85 2 62 85 1 49 86 91 74 33 24 62 17 49 3 57 5 68 52 34 31 47 48 66
78 79 70 69 90 83 52 15 31 30 13 41 31 68 49 62 6 94 78 24 64 71 94 26 1 25 27 97 43 67 70 50 40 32 26 63 97 20 90 84 15 9 67 43 66 18 16 27 5 79 8 87 70 95 68 1 48 61 71 70 83 97 32 74
14 76 3 2 0 77 37 66 68 24 45 23 54 47 69 52 58 72 61 23 96 32 95 54 49 45 99 71 8 5 87 11 60 32 42 22 36 65 20 57 6 15 3 95 13 52 12 68 85 45 86 71 31 69 0 28 11 83 38 2 28 32 84 69
38 46 19 5 17 0 83 5 32 31 82 1 26 23 40 13 43 8 78 33 59 79 68 37 26 14 87 95 17 21 30 94 10 85 47 2 99 54 45 5 73 57 94 7 94 65 82 85 80 41 41 89 60 82 18 29 27 40 11 30 40 3 76 29
69 49 69 58 50 82 30 89 20 38 17 1 98 75 50 22 44 26 91 7 62 63 15 20 24 93 92 95 73 39 73 43 92 63 5 54 29 91 59 3 59 78 48 56 3 77 57 64 38 89 90 18 95 32 94 94 49 56 21 16 41 78 23 88
28 39 93 95 21 15 78 84 97 85 12 31 19 74 96 62 50 1 44 65 59 22 96 65 85 28 23 18 15 4 84 32 36 96 84 9 55 8 32 47 12 21 81 36 98 5 94 67 68 39 72 81 4 36 93 43 88 59 51 67 29 83 63 22
21 11 7 85 55 19 42 29 15 49 38 24 24 98 49 67 71 31 25 37 41 64 61 43 27 19 93 60 93 84 80 55 90 16 63 9 74 46 14 60 91 69 98 95 6 65 9 61 31 52 55 65 88 95 55 66 84 66 38 41 20 12 48 34
11 11 97 40 64 28 48 75 68 42 38 48 14 69 33 42 18 75 70 49 52 2 9 48 31 89 77 86 2 18 64 81 23 33 48 26 77 12 36 25 37 92 62 22 10 74 64 9 48 64 57 64 71 68 70 70 86 84 82 21 82 59 2 70
72 80 3 86 36 57 45 22 80 47 17 56 70 13 95 59 88 57 69 16 42 74 21 35 98 15 30 21 61 41 53 9 6 55 81 89 95 81 59 75 53 47 10 7 80 30 24 82 26 93 87 89 5 16 35 27 54 23 70 35 87 42 35 32
5 68 35 24 72 11 5 65 33 25 53 77 77 52 57 92 59 77 6 16 50 38 57 40 76 88 58 66 69 46 81 59 48 9 50 74 31 65 16 45 15 0 2 90 58 37 66 75 30 13 81 63 59 25 14 52 79 19 88 83 49 9 24 96
88 0 21 11 29 35 35 76 85 23 94 39 53 82 8 31 29 57 88 18 73 34 70 43 81 64 83 71 49 77 55 3 87 91 90 50 34 70 1 86 81 22 38 77 86 57 20 94 32 34 66 2 5 14 11 78 49 39 23 69 37 73 2 54
9 88 52 75 82 79 27 78 97 21 61 17 31 22 50 80 60 80 21 60 33 49 33 94 44 29 33 6 16 83 41 90 84 72 13 35 11 23 72 11 42 64 20 2 23 30 58 93 21 25 0 1 38 97 25 14 9 27 36 13 43 7 21 59
88 31 92 78 8 62 10 79 1 92 34 53 94 0 30 93 65 28 51 12 45 13 63 37 11 49 43 91 37 40 74 78 24 68 12 58 92 16 22 38 13 54 46 34 79 19 29 6 70 51 80 26 78 51 61 59 51 12 38 76 18 42 61 61
4 17 60 79 14 95 14 10 47 72 42 2 75 28 11 54 84 32 44 85 43 29 90 34 3 47 43 79 0 89 16 82 37 30 37 47 11 14 89 76 79 78 8 89 22 53 31 91 66 40 24 54 11 45 78 80 83 65 66 40 86 16 96 27
94 64 50 45 87 21 37 66 52 34 17 60 87 45 82 60 55 45 39 79 93 9 91 84 36 18 14 83 20 81 36 59 32 99 90 78 24 96 68 74 37 54 38 23 86 60 13 39 38 10 87 68 49 29 35 58 32 47 80 4 76 6 44 90
79 24 60 40 84 25 90 53 31 63 78 67 92 21 20 81 68 44 45 0 15 86 29 38 43 56 5 46 20 54 74 44 82 35 64 59 30 92 85 13 75 93 86 0 61 48 25 5 35 76 32 63 35 50 47 31 56 3 91 35 88 49 6 85
58 62 23 16 88 83 72 93 88 47 68 47 11 54 0 37 67 17 20 27 85 44 70 14 10 77 96 91 3 64 27 46 64 88 81 31 9 78 46 70 49 51 47 96 70 80 38 87 94 86 55 73 36 55 60 7 18 70 86 61 66 27 42 58
90 3 49 50 86 99 27 14 30 60 17 89 50 12 59 31 45 55 77 65 91 67 0 10 98 96 0 55 12 70 11 88 96 90 41 70 53 72 58 40 51 45 31 28 27 26 62 27 12 56 68 27 62 15 75 43 30 76 67 1 87 98 39 91
31 93 81 36 54 68 72 89 88 74 20 24 67 8 50 68 4 44 71 64 59 70 16 84 90 49 98 1 93 53 23 79 18 13 62 91 1 1 51 42 16 23 57 19 25 85 25 24 40 0 1 33 53 2 34 68 84 0 68 52 24 12 43 39
41 36 20 88 76 29 17 40 44 18 24 82 47 21 16 76 60 8 60 39 12 50 46 31 89 25 33 35 3 95 8 56 18 45 96 65 32 46 86 31 42 87 55 37 51 97 70 74 56 35 42 83 27 63 14 93 89 65 22 57 75 31 43 29
80 67 2 49 18 56 48 11 41 4 81 63 32 6 60 69 68 44 76 0 5 87 49 87 49 91 60 34 52 74 21 88 2 4 95 83 80 26 78 15 6 32 79 13 14 70 50 33 51 28 84 30 9 40 32 8 36 59 59 40 48 29 10 93
47 45 45 28 17 92 32 51 8 70 37 27 86 90 76 72 89 98 75 83 42 9 83 56 8 65 73 88 58 31 83 57 26 28 39 35 95 66 54 31 52 74 15 43 52 21 53 17 20 59 52 72 93 68 39 33 62 77 75 11 74 8 65 30
94 6 84 73 42 65 67 13 91 7 63 47 89 78 87 95 79 40 68 63 55 28 18 8 46 63 53 82 35 16 88 77 41 69 25 8 34 95 49 41 88 45 29 34 91 88 45 14 35 29 52 64 27 94 53 5 95 18 59 58 86 75 15 26
71 37 46 65 94 66 74 0 60 98 74 4 39 81 79 90 58 30 0 42 85 15 34 62 59 60 83 71 94 69 61 15 28 15 67 16 61 74 33 85 59 22 10 0 52 50 61 81 59 44 37 2 83 82 1 2 96 21 4 31 14 29 90 73
97 11 42 88 54 78 29 55 54 45 38 43 47 45 25 53 53 55 0 96 80 45 32 95 70 91 91 74 65 31 16 73 31 1 92 19 35 12 57 57 35 76 37 88 43 2 77 25 91 96 37 11 75 58 57 96 86 56 1 77 71 5 22 80
93 31 54 43 47 52 53 16 19 1 72 38 59 23 48 32 29 18 83 11 33 42 38 37 57 40 33 49 55 77 85 25 88 64 23 95 79 45 43 23 23 71 48 16 88 79 15 81 28 37 88 37 98 49 36 28 80 4 63 94 92 72 46 9
17 87 52 58 18 49 30 34 11 13 2 73 10 86 71 81 69 28 69 64 96 36 9 41 36 54 74 20 22 89 71 10 23 84 22 95 30 52 21 30 90 27 35 48 69 24 22 71 62 9 1 37 74 52 9 67 41 22 57 25 61 20 1 33
85 66 49 8 83 6 90 54 23 87 54 32 70 43 8 92 78 64 17 58 84 26 94 92 37 23 91 66 15 90 14 51 56 51 13 36 37 99 99 22 31 89 87 66 97 27 49 86 11 51 36 96 87 46 37 6 20 75 3 31 58 37 69 57
90 96 32 81 57 95 51 5 88 83 7 55 1 20 96 86 79 3 80 91 82 94 31 1 57 81 25 52 51 11 33 53 30 50 14 70 23 14 40 65 26 23 7 21 59 18 45 40 73 5 10 21 23 12 32 34 9 0 93 38 53 53 89 71
58 5 48 33 10 55 58 24 93 92 68 16 7 89 79 92 4 74 24 70 66 29 63 85 29 98 11 61 20 3 84 29 78 23 55 27 19 18 56 78 37 27 53 97 71 96 30 70 41 97 92 85 16 73 35 49 40 46 59 83 55 20 79 30
86 66 87 19 69 84 68 55 92 71 46 69 15 85 93 81 10 52 36 93 80 99 79 48 59 17 18 69 75 31 46 77 71 51 39 60 55 38 23 70 28 6 56 88 12 89 99 18 42 48 7 71 63 98 40 23 69 3 68 53 0 98 84 57
33 96 0 90 5 73 19 40 25 12 76 98 29 36 34 62 58 69 38 60 72 83 73 10 61 67 76 38 29 42 64 58 56 50 44 87 58 36 29 50 12 12 71 63 91 94 81 49 26 33 91 42 62 8 1 83 55 13 58 16 29 23 68 32
49 34 15 92 78 23 89 28 69 46 56 52 8 24 71 21 37 94 6 53 86 91 37 21 9 78 14 52 55 58 33 14 0 74 56 85 95 87 82 21 52 63 22 67 38 89 4 6 37 63 98 27 14 91 84 7 55 23 54 60 50 88 93 80
38 85 85 17 45 47 58 44 34 69 93 78 6 2 14 29 60 5 4 88 2 18 91 78 31 79 86 24 37 45 20 4 89 75 52 84 43 59 61 28 51 73 32 28 18 88 80 23 55 41 56 98 66 97 66 42 20 29 0 42 97 58 64 43
60 25 67 92 34 14 78 46 67 46 42 53 99 3 5 43 63 32 95 22 64 13 68 82 29 28 17 66 44 46 85 15 57 36 95 63 57 2 84 26 26 29 97 88 50 75 91 20 56 65 27 24 88 90 48 10 19 83 3 92 3 25 31 7
6 28 37 79 52 19 54 51 11 45 88 61 49 85 4 23 58 95 83 32 7 98 3 84 48 3 51 90 92 0 96 55 46 68 16 70 22 61 42 33 32 0 49 1 5 66 39 47 39 89 41 59 67 87 12 60 53 90 58 54 97 5 55 45
8 23 25 17 89 1 90 1 34 86 90 35 22 21 4 69 97 88 55 68 12 30 25 38 17 64 2 36 23 65 57 91 67 37 46 88 64 78 41 90 23 25 16 69 95 79 86 73 55 19 97 46 46 30 16 56 24 2 34 87 21 69 72 58
91 31 53 88 29 97 5 65 14 96 14 13 93 23 61 77 5 15 29 26 40 22 93 41 89 77 45 3 84 59 40 29 24 85 26 74 61 44 34 30 11 70 19 3 24 56 42 4 52 68 62 65 14 50 0 64 8 6 57 62 51 28 52 31
36 76 95 27 3 74 99 86 64 88 50 52 22 76 91 94 96 57 0 8 20 86 44 14 47 77 50 74 38 24 43 66 85 10 98 95 54 75 87 98 62 37 53 30 65 28 10 39 85 15 46 26 86 10 34 83 33 1 39 65 37 32 53 67
93 14 70 9 64 28 33 5 86 54 5 43 83 52 90 56 69 33 35 68 58 5 13 20 55 96 54 68 94 89 76 30 93 98 8 45 58 39 71 18 20 91 66 39 76 3 86 88 26 14 54 62 24 7 98 87 83 48 27 35 21 68 91 22
29 58 10 17 30 20 47 97 58 98 94 54 50 47 40 4 80 68 49 88 81 54 37 10 48 77 83 16 10 93 18 45 9 43 15 8 62 87 36 23 56 27 8 99 29 81 6 95 19 89 84 44 91 81 8 51 15 86 47 33 28 8 96 23
10 6 64 85 63 59 72 79 30 94 58 53 69 57 48 94 68 40 95 85 14 44 3 9 58 15 37 70 44 19 3 40 17 34 73 56 49 40 74 64 83 65 88 90 82 71 67 19 25 77 87 44 34 95 17 51 89 71 42 79 35 84 53 56
81 82 86 83 34 27 3 0 70 5 11 11 2 8 23 29 69 23 10 98 33 55 10 80 97 43 46 88 43 88 27 88 18 9 82 13 12 11 4 51 49 63 95 21 99 95 93 89 80 12 11 45 1 13 84 0 15 99 35 58 60 87 17 20
24 23 25 76 33 42 54 32 66 99 55 4 36 61 87 75 85 34 73 97 4 29 55 28 85 56 33 67 82 80 26 37 72 1 13 8 10 12 68 37 7 24 38 42 10 72 84 40 15 48 58 30 51 20 38 12 77 89 57 58 63 44 48 42
64 73 35 98 1 38 46 22 37 45 35 63 82 72 25 66 99 18 74 97 64 74 35 25 51 45 94 21 72 47 84 36 73 68 88 69 54 77 60 19 50 57 19 38 11 17 71 96 63 5 42 86 24 41 56 22 55 55 44 29 90 9 52 39
21 66 29 23 7 47 73 58 30 38 21 60 19 37 29 60 20 47 45 28 78 14 82 17 20 81 5 27 72 77 97 17 74 86 66 93 63 64 39 9 98 32 9 93 27 25 33 32 92 89 68 11 21 50 4 39 74 56 72 71 98 90 51 86
65 19 0 90 29 28 45 23 94 82 3 50 50 20 7 73 6 48 13 83 43 66 44 48 99 24 60 29 18 20 20 48 79 59 56 10 61 66 86 32 28 16 14 9 95 16 3 39 14 75 95 9 32 48 33 69 23 98 39 85 83 60 35 77
62 48 45 98 50 25 91 17 73 1 16 53 0 56 16 39 10 7 59 75 36 83 19 97 59 93 92 64 86 10 95 53 28 18 4 12 61 96 69 45 26 43 61 41 7 42 77 45 33 14 91 46 26 5 51 59 70 89 81 8 53 25 26 75
86 60 51 70 6 74 13 96 56 49 93 85 4 74 74 13 46 28 17 6 68 31 1 38 99 17 61 1 43 68 66 49 71 54 16 81 80 2 58 36 99 77 43 12 80 89 39 96 16 39 9 42 2 27 71 70 70 2 64 19 73 82 91 65
74 21 67 55 74 3 74 85 11 6 68 8 50 52 87 75 97 43 25 40 94 17 36 0 26 3 34 89 44 5 68 50 1 63 27 52 76 51 70 6 1 81 12 3 83 48 42 52 76 15 3 87 16 86 43 4 97 75 46 62 43 68 70 49
99 19 69 54 66 7 39 15 20 75 39 99 46 55 50 0 55 26 88 18 42 89 36 86 45 87 38 4 22 94 5 30 34 12 9 17 81 96 67 38 49 46 66 15 33 92 79 97 13 64 93 79 6 78 67 82 97 0 75 55 92 44 93 15
21 42 97 62 60 42 50 20 88 94 35 60 46 34 42 69 20 4 29 90 89 45 3 10 14 60 90 6 4 82 43 13 12 59 17 36 21 31 35 87 97 42 22 24 54 46 64 58 99 47 77 27 89 50 98 21 65 50 6 63 92 84 58 1
87 48 87 22 74 4 59 74 25 9 51 64 20 5 23 83 86 25 77 80 78 10 18 16 56 90 88 37 19 57 64 41 39 14 30 39 69 1 95 28 23 13 62 98 28 73 10 5 65 50 59 94 93 59 76 50 41 33 12 14 15 60 12 40
14 98 66 50 56 73 36 79 60 82 32 71 85 91 16 45 93 62 24 57 12 92 74 61 73 11 12 20 22 11 28 16 75 11 3 58 74 26 28 0 44 68 95 87 60 72 95 45 28 63 28 7 34 87 51 76 75 19 21 25 15 52 91 11
73 18 28 40 10 76 90 57 2 84 25 58 44 35 55 77 84 39 71 79 23 46 68 18 62 20 17 86 38 98 38 40 40 72 80 8 96 44 26 52 80 33 45 6 15 13 18 49 43 73 95 85 51 23 32 23 45 47 30 19 31 94 93 17
55 97 63 72 39 80 55 24 70 73 9 45 92 11 69 29 62 11 73 35 85 53 95 7 34 52 63 73 36 28 78 46 50 38 25 57 75 86 28 49 49 28 34 24 69 18 21 51 74 15 50 0 68 27 18 41 78 67 45 83 85 93 17 28
14 49 67 51 88 17 40 23 6 90 1 88 19 64 89 87 44 41 4 30 46 22 14 37 73 44 23 59 88 40 92 96 69 94 30 31 18 95 90 85 89 38 25 41 83 89 89 19 24 74 30 33 83 1 17 48 87 94 19 33 43 19 96 93
40 92 4 49 22 67 84 25 11 55 86 53 40 25 42 68 20 54 82 29 0 22 19 28 3 8 60 18 63 90 67 22 1 4 66 4 45 42 24 13 20 88 75 32 36 4 85 95 94 66 83 11 34 24 20 16 25 42 36 90 36 25 98 94
46 52 84 77 18 2 14 74 4 71 28 8 96 3 21 70 64 32 97 68 38 5 42 99 3 79 97 83 65 60 59 84 57 83 85 99 48 0 28 12 46 26 31 82 53 53 85 66 42 93 8 16 75 9 0 59 46 43 90 70 46 93 50 64
2 5 94 62 93 18 23 18 49 89 66 41 84 99 18 18 15 1 84 20 83 6 27 15 96 33 66 72 49 50 12 3 99 2 8 62 75 45 42 48 49 51 64 53 64 8 77 12 94 83 12 45 52 96 86 87 35 63 30 86 38 45 26 25
94 58 70 67 50 17 18 25 66 4 90 91 43 77 49 0 34 66 37 2 34 39 61 14 55 0 25 41 5 33 41 17 54 74 30 7 87 64 15 40 5 89 39 79 60 13 30 40 14 83 10 27 87 14 40 61 0 48 5 44 10 56 31 53
