14 18 74 5 77 5 95 18 35 81 30 30 57 29 33 38 73 0 77 48 50 67 20 30 82 88 96 44 28 96 71 56 85 40 31 3 43 89 57 89 43 19 94 72 80 48 88 99 36 46 96 23 48 46 50 81 27 83 61 92 90 42 76 54
49 56 40 40 12 49 27 64 17 22 55 78 64 86 14 24 27 84 73 90 1 81 94 6 21 79 77 18 9 20 45 41 96 61 45 80 70 97 6 74 71 66 25 69 1 81 22 20 33 60 73 55 11 8 46 27 58 99 24 61 35 70 34 49
28 81 68 10 10 8 45 25 97 61 67 6 62 9 11 97 43 33 42 74 2 77 43 11 55 42 44 88 81 73 24 77 15 10 29 89 3 58 97 32 34 10 97 56 51 73 50 27 24 18 68 45 48 93 60 71 6 60 38 90 52 47 12 70
64 45 8 29 56 48 52 55 39 61 25 82 32 35 53 62 21 95 86 63 69 38 95 15 17 61 61 33 39 92 95 81 30 23 44 64 64 71 72 99 87 81 59 65 16 99 73 10 0 82 42 57 42 87 2 30 97 55 75 47 17 31 83 80
57 61 71 86 51 55 42 61 75 8 86 23 16 43 30 26 17 49 38 21 41 25 84 29 67 8 76 19 4 27 30 2 11 75 9 68 27 16 42 68 17 79 19 21 17 3 81 42 53 40 97 16 62 21 43 9 25 33 0 50 74 81 86 14
67 45 24 57 52 71 11 13 82 35 9 27 99 26 68 1 4 47 80 8 2 0 66 74 39 10 53 64 24 76 18 34 91 79 16 80 7 83 81 20 45 5 63 87 63 0 5 14 10 41 43 0 38 33 67 3 83 56 22 20 93 5 7 48
93 71 41 30 37 95 82 60 40 13 20 37 11 43 39 86 77 2 8 59 29 8 83 6 0 70 33 87 71 53 93 99 8 53 12 15 66 92 99 0 65 51 28 18 24 19 83 25 10 68 82 34 92 36 4 22 1 57 21 97 43 44 56 99
17 37 39 22 74 84 12 29 27 14 72 77 49 18 13 16 94 56 50 71 11 9 42 24 12 23 74 37 30 92 80 8 18 75 15 65 85 1 98 76 65 62 80 82 83 96 42 37 31 3 18 36 95 26 2 8 68 0 53 32 70 57 26 47
43 40 72 12 14 91 70 25 86 97 92 85 36 14 8 61 74 35 65 73 1 85 91 85 29 42 41 18 69 52 25 4 82 12 43 45 45 55 7 44 41 9 39 96 12 16 64 46 39 52 80 34 26 34 95 64 77 27 32 34 12 6 7 69
47 21 75 85 12 97 7 42 41 44 97 20 6 2 43 71 33 66 4 55 12 77 32 23 42 73 61 47 59 20 87 40 5 11 54 31 75 79 77 84 85 36 75 15 42 91 40 3 71 8 60 29 37 43 40 37 68 68 85 29 7 51 40 97
20 92 28 19 64 95 68 90 95 12 1 53 84 72 81 79 22 31 30 55 18 49 2 74 74 92 29 26 81 9 16 36 71 19 53 73 52 83 26 91 73 62 98 71 21 54 63 32 76 30 59 95 78 93 80 44 38 24 28 1 71 41 78 78
8 71 40 83 11 38 61 93 96 84 67 75 88 47 26 60 13 99 69 72 18 17 30 86 28 63 99 99 62 76 18 86 1 55 76 1 5 23 97 62 88 9 76 97 43 19 99 53 4 34 19 44 50 52 92 22 54 17 55 39 77 94 30 63
25 79 53 84 53 82 45 96 76 14 3 40 77 44 50 83 22 36 33 15 64 26 88 2 14 80 31 74 7 79 76 66 28 16 83 61 11 49 92 60 41 91 37 41 54 80 34 91 5 79 27 22 2 25 86 47 93 12 82 11 68 51 42 24
38 60 43 84 41 4 95 82 86 51 21 67 99 39 66 26 78 93 68 90 37 34 44 86 94 68 97 18 23 61 30 53 83 83 78 61 40 84 57 6 67 61 2 55 90 23 42 49 76 18 98 33 13 22 99 39 93 27 78 14 56 2 42 92
89 31 13 51 47 25 40 81 75 9 92 67 87 25 35 70 24 1 68 76 46 53 37 90 23 36 81 35 59 14 18 16 55 29 71 19 5 81 75 62 90 75 9 35 87 11 92 44 18 73 89 69 14 92 27 30 70 1 51 11 96 57 95 92
49 39 14 56 45 86 75 98 74 15 37 17 88 87 6 64 34 62 99 69 4 44 24 76 18 54 33 16 2 92 45 64 52 34 78 42 37 3 70 27 7 71 8 70 22 60 26 30 79 70 33 33 18 90 65 8 38 11 43 29 84 1 60 62
1 87 81 26 33 67 28 60 30 69 39 24 75 40 99 25 86 77 36 73 18 59 66 88 38 51 9 10 41 0 17 61 6 15 85 46 40 27 4 94 56 34 51 69 29 88 38 97 93 15 38 28 67 67 30 94 0 73 95 17 68 85 99 41
45 48 65 80 60 11 89 14 85 36 3 49 67 65 0 44 20 29 93 66 95 5 64 20 2 60 69 81 30 61 52 25 5 24 3 25 32 52 78 40 44 16 24 33 5 13 21 51 34 71 63 74 4 45 28 43 99 25 73 78 66 35 50 32
45 29 35 86 88 41 49 65 3 2 17 70 15 51 66 9 82 5 13 21 95 29 44 68 70 34 91 54 74 34 34 59 28 58 0 33 51 25 60 99 87 87 4 95 9 67 47 78 26 55 76 63 55 56 83 69 1 10 54 17 68 41 51 6
59 39 43 3 63 95 68 4 33 14 93 74 23 84 73 48 55 96 31 40 59 92 34 41 34 91 97 59 93 15 34 75 59 49 29 95 72 50 40 57 43 5 75 75 79 60 46 55 7 85 26 53 24 1 89 81 30 36 50 5 2 75 86 14
43 27 43 34 67 14 60 4 68 97 18 85 66 20 88 48 91 64 72 91 82 70 92 76 52 82 76 9 1 65 58 36 34 89 77 28 97 22 17 56 50 78 96 88 19 67 35 68 5 4 32 14 7 74 51 52 22 99 4 53 48 19 36 50
84 51 1 19 25 41 53 12 53 97 91 84 64 80 31 57 55 65 79 20 91 47 81 51 43 86 8 50 22 69 71 6 23 10 13 44 56 56 78 56 92 43 80 86 23 20 0 21 50 33 84 4 74 1 6 57 35 66 22 62 10 1 34 32
99 27 70 45 17 65 80 35 26 69 9 16 20 92 35 64 51 96 84 78 6 71 75 11 85 28 46 30 57 37 18 78 81 74 90 65 90 24 65 74 46 30 30 91 21 52 25 28 18 57 98 55 87 58 17 72 98 81 50 49 87 3 94 52
32 31 72 81 53 1 95 47 32 28 62 81 37 59 92 95 81 56 21 66 93 93 90 97 94 37 59 98 69 91 15 59 78 1 30 83 55 43 47 47 31 52 47 98 72 95 28 99 70 24 22 99 99 81 22 89 16 21 86 21 67 92 81 1
13 40 47 24 39 86 69 64 23 82 23 98 16 82 73 37 71 57 30 87 19 11 37 92 7 92 41 20 50 59 11 57 10 46 52 82 77 32 65 78 93 83 81 47 36 78 5 71 35 99 67 73 5 47 47 27 10 65 41 82 36 2 26 3
10 16 85 56 89 18 2 50 12 40 11 76 72 31 81 81 65 15 72 61 83 27 2 18 0 28 80 10 75 87 5 38 25 38 98 11 40 36 21 18 20 50 84 95 68 41 40 9 41 93 14 17 66 44 13 69 38 61 2 5 23 44 78 27
46 94 34 63 35 83 68 89 62 92 34 23 21 70 27 74 38 75 6 68 8 27 42 99 59 64 4 6 72 6 28 45 67 72 80 40 39 85 8 19 46 11 86 61 79 66 86 35 6 18 89 62 65 11 88 88 2 27 21 1 29 86 7 61
27 21 53 84 77 96 14 94 59 68 43 61 27 72 65 44 91 17 90 52 91 86 59 89 39 34 95 16 80 94 45 10 64 43 69 64 85 28 35 19 6 7 89 30 96 42 16 2 66 78 17 68 29 56 7 77 65 57 77 30 83 69 14 53
50 77 22 90 49 35 21 39 10 0 25 44 14 24 8 4 67 39 42 99 69 97 1 43 55 23 37 43 23 29 30 29 22 49 18 69 70 51 77 40 5 50 64 97 47 58 87 24 20 95 85 71 33 66 71 83 24 44 70 5 0 76 87 66
85 43 14 56 95 4 45 66 15 28 32 9 7 73 62 15 41 40 72 37 72 70 88 8 92 37 67 25 82 45 1 14 2 48 18 31 36 14 25 47 70 54 99 84 99 26 71 95 47 76 1 14 93 37 55 15 28 93 90 94 16 96 19 66
6 68 31 71 95 66 39 83 9 98 34 15 82 97 94 23 33 39 69 46 40 25 64 34 40 64 38 82 29 42 16 26 65 67 51 77 72 34 15 11 23 14 10 42 37 26 61 8 16 28 11 20 40 31 28 26 8 24 9 17 49 80 61 32
50 78 44 85 63 62 90 17 77 48 24 98 80 15 40 63 45 34 76 28 51 1 53 12 20 3 71 17 76 39 19 93 15 93 11 63 57 94 80 25 59 75 89 24 95 14 5 84 54 95 62 67 77 61 14 10 3 80 43 48 21 89 54 26
96 48 16 90 18 13 81 51 20 44 23 85 71 35 88 89 74 40 40 12 76 91 90 71 70 73 26 4 94 27 71 74 36 18 62 69 82 54 12 26 38 91 94 79 59 29 33 86 97 68 81 37 80 67 57 97 45 65 48 73 30 71 91 46
62 28 25 75 97 31 30 69 14 80 81 40 26 45 3 98 64 80 88 2 72 59 25 36 76 47 17 1 42 64 96 76 19 18 76 97 15 75 1 86 46 83 83 20 79 80 30 83 16 91 95 45 26 69 58 0 96 88 82 53 64 76 62 94
99 16 24 26 81 24 75 52 85 58 5 68 52 53 27 63 86 74 24 42 87 80 23 26 15 45 11 25 39 3 57 76 2 47 99 9 82 55 28 42 24 36 7 6 7 56 20 90 75 66 48 82 51 47 97 83 97 0 15 25 65 22 48 0
99 91 49 16 92 55 63 49 72 72 93 12 62 88 87 33 94 76 69 18 2 21 65 90 22 38 76 36 57 22 93 41 71 49 92 79 76 1 3 35 17 13 77 79 65 1 48 78 82 56 55 77 72 30 71 17 77 44 32 43 16 17 9 6
89 96 1 30 40 71 43 57 36 75 53 61 46 79 66 38 51 73 74 49 58 3 69 26 53 94 87 1 96 64 48 99 36 36 79 3 84 18 45 5 20 51 29 54 22 67 26 18 11 0 15 33 63 28 7 6 86 54 39 7 41 25 21 69
48 84 97 56 17 51 84 97 51 96 9 15 81 71 8 0 72 39 56 30 18 35 82 75 58 61 39 50 87 64 22 77 65 64 25 44 15 34 2 32 11 80 88 71 96 59 36 39 79 14 58 67 26 36 50 48 66 25 83 47 32 4 21 77
66 45 80 4 79 83 66 28 61 58 31 37 6 96 5 42 48 23 65 38 53 57 45 32 69 55 26 19 3 57 47 35 91 29 51 1 2 46 86 81 74 69 23 1 17 18 9 6 38 37 29 6 24 48 71 83 5 1 8 62 29 37 99 22
59 5 51 53 87 69 32 52 76 8 50 27 90 74 17 33 14 47 57 31 2 7 17 24 78 82 70 5 0 13 65 63 29 38 43 36 34 69 8 61 36 41 48 58 73 26 93 44 33 32 67 32 1 46 30 38 32 85 2 6 2 11 25 59
62 86 45 43 37 22 57 69 86 98 18 37 93 6 9 95 87 51 4 55 24 20 65 50 63 47 85 21 75 15 90 27 24 41 68 87 73 9 52 56 2 1 90 95 17 78 97 54 75 34 35 14 81 20 34 20 91 88 70 37 8 86 75 6
95 29 7 5 25 62 57 50 73 91 64 34 32 33 17 84 62 76 31 92 25 10 66 51 53 37 18 28 56 8 25 59 73 44 47 51 12 40 10 98 64 30 79 91 30 99 17 4 93 82 19 94 88 56 96 52 11 92 9 45 40 89 91 77
48 40 14 88 6 99 82 8 31 88 89 8 14 51 19 9 81 11 46 21 18 43 52 27 73 48 18 16 6 46 44 35 23 58 4 29 15 68 2 82 82 40 7 38 32 64 27 11 83 47 74 81 94 36 20 55 91 45 37 91 71 68 55 97
38 60 65 48 57 61 64 76 0 18 23 20 0 34 69 16 28 41 33 45 49 38 17 6 67 38 33 23 11 14 54 76 48 57 89 2 28 51 56 91 24 32 18 83 75 36 18 66 10 35 51 24 41 77 25 57 1 0 53 62 86 86 73 33
54 18 20 38 25 34 49 1 4 74 43 13 75 37 89 34 46 46 17 11 84 98 32 48 70 91 67 99 65 89 94 86 70 21 28 84 20 22 61 82 61 90 41 58 18 58 2 12 20 47 87 17 27 18 79 32 15 66 6 9 8 16 30 82
59 12 0 32 58 76 8 89 28 61 50 68 39 4 60 73 74 45 84 23 49 34 60 88 58 22 52 87 58 90 90 25 65 73 86 74 87 34 46 6 2 4 38 2 14 54 75 95 92 18 37 15 38 24 91 93 61 66 37 69 1 84 30 76
73 60 76 7 91 39 37 19 45 77 97 65 3 28 86 10 12 60 66 43 13 99 91 1 60 0 76 9 96 9 42 42 32 77 41 68 47 70 76 63 95 44 39 25 84 77 20 4 98 92 48 47 17 6 16 39 96 48 58 40 39 12 63 29
5 50 58 8 59 77 16 14 6 42 45 87 24 8 79 94 80 91 46 81 18 62 96 87 31 54 47 92 78 40 5 83 71 42 97 39 77 71 22 17 6 78 13 79 61 58 35 47 44 60 75 90 23 27 61 91 56 26 46 63 11 16 71 76
14 3 37 83 42 19 67 58 78 16 46 15 50 48 51 45 83 14 58 86 83 21 35 40 14 40 21 26 59 33 23 75 57 67 83 15 25 54 29 67 98 96 51 8 39 62 56 96 75 77 66 33 16 52 55 12 45 40 73 18 78 86 4 77
33 42 92 48 47 20 69 80 21 35 44 71 82 55 39 84 56 58 59 57 84 62 63 3 63 91 81 50 78 35 40 63 30 11 9 16 16 91 0 22 55 68 47 79 46 28 73 64 60 21 3 16 25 17 1 78 78 17 23 82 46 39 82 66
69 9 94 50 53 49 82 93 40 56 25 99 53 66 91 88 0 16 21 90 65 46 69 31 12 26 90 55 8 91 33 44 34 12 13 41 15 12 55 75 30 36 84 9 83 77 90 50 11 85 11 40 93 46 50 87 36 45 24 21 43 19 6 47
3 47 74 69 31 52 97 13 25 66 91 60 59 14 26 89 85 74 77 7 84 67 46 15 42 16 9 59 20 18 58 56 18 50 78 39 62 54 40 7 70 92 21 34 18 75 62 59 74 57 64 95 39 38 11 97 76 24 19 11 78 65 16 77
54 94 90 19 44 67 81 42 3 38 65 31 47 44 43 27 47 72 62 73 1 41 79 31 69 77 4 96 60 23 81 15 6 66 0 5 18 15 66 90 29 31 3 48 68 76 81 28 86 28 50 20 80 77 56 0 41 27 68 29 42 40 39 53
19 52 98 0 68 87 10 15 37 15 78 90 77 41 82 42 84 59 72 8 10 79 34 54 72 41 2 1 20 90 50 36 52 40 15 39 87 9 79 40 68 26 60 44 80 64 3 77 72 97 96 3 8 96 47 31 4 60 32 11 38 75 13 55
61 41 35 19 54 2 52 27 70 55 20 56 92 82 57 8 99 92 47 57 54 34 94 82 3 79 92 20 34 15 77 36 56 38 87 71 65 79 73 6 47 57 63 61 66 71 51 61 92 70 30 98 96 27 47 3 24 16 6 31 3 75 5 0
1 71 5 0 24 25 60 30 64 88 24 29 62 75 86 32 29 35 37 95 20 34 84 41 65 63 27 25 45 97 13 45 10 36 47 62 71 7 59 49 77 38 7 61 20 87 18 12 91 51 86 0 7 14 53 32 47 2 77 40 1 68 91 41
0 63 76 12 87 14 9 67 40 35 98 51 47 88 24 61 33 68 53 91 65 41 71 23 79 29 5 23 46 82 32 29 30 21 8 70 59 30 51 93 49 31 33 90 95 28 25 87 28 45 74 67 34 24 88 94 11 19 4 17 81 68 46 26
25 42 88 26 51 65 42 5 19 10 67 37 86 24 57 98 83 24 47 55 82 44 31 22 60 87 11 89 45 34 39 50 77 79 39 97 35 81 82 7 23 97 46 83 73 76 60 39 11 63 7 29 89 22 88 50 95 41 79 57 87 55 28 28
48 26 73 81 97 83 50 84 25 3 60 49 16 46 39 25 51 77 15 38 92 49 96 64 77 54 24 35 47 32 56 56 81 47 54 1 59 95 61 3 28 47 42 6 76 7 9 44 12 73 84 20 89 23 4 21 44 71 92 48 17 30 91 61
6 1 20 22 49 2 53 59 93 94 55 40 66 8 76 5 98 78 48 73 14 69 56 80 96 62 5 72 29 40 73 40 74 64 93 39 58 3 23 32 30 65 71 37 45 48 11 48 72 78 18 64 27 19 10 58 20 1 30 18 52 95 90 56
39 84 4 91 59 82 20 42 70 85 52 89 43 16 54 84 76 93 81 7 44 10 58 16 96 80 66 68 34 48 54 45 18 54 54 4 92 6 75 33 79 99 49 35 10 1 58 84 79 77 9 68 95 54 47 50 91 71 77 60 96 4 61 78
94 2 28 9 29 32 62 78 22 49 32 45 73 19 64 18 96 91 64 85 34 28 64 65 85 77 68 13 98 61 79 44 74 93 59 82 41 83 37 18 38 90 2 57 65 77 36 94 71 73 75 11 28 31 63 87 59 17 20 82 62 67 61 0
79 77 18 52 22 98 32 6 25 2 48 54 17 20 42 29 97 10 6 46 39 23 54 80 85 98 53 65 59 73 16 48 3 13 2 9 56 68 26 38 21 87 99 90 34 65 69 61 4 52 3 62 65 76 38 20 49 46 84 42 15 72 58 68
0 89 3 81 22 76 37 98 55 92 78 81 8 27 34 88 34 18 87 38 72 98 76 58 36 68 84 75 54 76 86 68 75 83 62 68 35 16 45 82 70 56 96 35 56 7 51 53 32 48 6 22 28 90 81 40 88 2 90 73 30 62 56 20
