255.95658 166.62083 277.59058 198.68656 19.00300 136.41348 234.19882 10.44732 112.55202 196.20168 136.53407 139.13318 63.72789 127.33837 15.25513 183.72390 168.45979 147.30985 217.47149 222.57121 222.70038 221.33001 129.39600 198.38597 169.35313 13.19187 88.20226 174.18750 105.24292 230.24148 252.74637 185.58452 60.76164 294.55155 14.31087 82.36372 91.61171 160.18735 156.33734 6.78060
19.79158 126.37998 267.16625 119.46823 297.13770 219.80561 257.82663 105.19336 38.51404 209.58518 60.96424 77.60750 166.74883 48.75596 239.42722 33.03442 113.72529 79.02060 149.08914 232.98886 149.37646 28.99123 124.39552 18.73617 115.87636 28.26640 77.38494 57.14951 36.58150 207.17436 145.75639 50.49057 35.14519 262.71720 248.87212 138.19386 268.06432 295.16778 109.17797 297.21828
193.22431 153.42461 268.73779 107.20687 71.75463 213.37905 88.89875 237.02539 180.78346 160.95885 109.10756 80.20816 7.99575 210.98428 30.83433 160.41531 125.79885 218.53017 127.57986 65.94458 146.60136 88.25019 229.69213 52.87546 289.76238 201.83046 153.21425 201.83927 286.20203 212.53070 15.71026 113.27722 136.70943 125.14110 3.17740 55.26395 30.52807 229.69971 141.49070 222.97403
258.81074 214.74874 92.04313 175.34914 154.44654 62.02901 41.37157 21.57025 175.34714 38.51270 163.96886 200.46533 222.27303 11.92821 212.68574 254.00900 258.97540 263.61996 212.21086 25.13640 95.85080 243.69459 299.09259 268.30189 35.05580 204.14562 281.52578 21.16252 68.31979 279.73358 164.69535 258.72541 149.70693 189.43015 256.33026 88.18587 112.61822 281.96000 58.29502 217.08137
132.29677 171.70881 93.37321 125.98211 54.51635 78.05315 72.62317 67.49368 146.85379 257.15557 286.84268 273.11568 106.16464 160.42417 190.76076 79.22057 285.70035 181.25623 174.56992 36.38303 249.75941 63.59568 217.09328 156.62252 66.75488 122.64852 261.25260 103.32072 260.76261 35.78825 198.86772 248.27821 241.68703 41.64152 32.98163 268.21034 229.58762 190.86166 74.89657 72.55823
92.95000 269.62421 187.32039 148.50667 51.44011 34.06087 245.58961 129.57759 80.51815 11.87636 168.63500 196.06963 160.54419 164.69299 161.97070 285.26337 294.29819 142.91281 20.78749 161.15640 82.65142 144.53603 69.95112 210.29563 141.29453 118.16113 43.58450 9.84751 17.32045 246.85070 253.41580 76.56815 200.30535 99.74464 131.36938 139.36453 241.96951 96.20431 270.04277 83.80334
287.96466 140.05758 147.55885 25.43011 172.58607 7.38033 145.72268 118.49630 298.05460 82.61566 121.15387 242.56705 65.56724 163.89506 125.54982 117.82418 95.27769 28.67127 196.52885 156.95589 157.53463 200.80127 102.62923 100.41507 161.81783 26.10726 245.46188 143.70912 1.03902 82.65013 149.56750 193.82876 65.89952 272.79958 205.70329 164.57055 97.53482 236.52404 7.31388 251.50765
98.59204 290.41092 111.37253 193.93852 45.90323 145.11391 289.12214 173.58932 49.19634 44.59914 241.23130 195.20026 235.05854 281.51525 42.85945 81.65844 160.36969 105.83630 45.96325 209.13125 94.31758 270.67887 289.64756 121.32715 173.73546 238.68193 189.87508 269.80802 233.69498 140.46318 164.32292 49.41433 178.80909 241.88482 120.82757 90.39897 204.79913 190.52647 74.10400 190.08272
83.69913 178.40507 28.90191 187.41012 127.34808 267.24757 104.21054 278.16450 177.62979 163.03925 213.50748 16.58316 286.18346 28.04292 259.50640 15.69370 144.03793 253.12470 96.49759 261.88530 157.58484 244.02464 117.19362 296.45943 202.20101 63.85310 60.76760 190.82803 181.51806 227.28892 69.59264 213.34909 217.45941 150.97440 233.65260 155.72909 143.32928 136.55530 229.59020 126.16566
43.02848 200.25534 39.15338 235.02485 262.11251 93.45336 33.29715 283.88909 299.78236 175.46951 114.41247 153.53870 284.94719 116.18005 278.11250 16.87578 92.32273 119.62213 279.38356 156.21338 270.92449 115.10894 186.80384 49.83028 277.56597 267.86181 214.31909 36.33333 66.89036 239.02034 41.79909 176.44341 61.58144 199.80451 250.24693 126.95343 252.85360 114.48731 209.33537 35.02671
75.79720 33.73474 32.96032 235.88554 17.58174 266.05049 178.31014 106.24820 133.78140 6.59058 168.99700 165.78437 298.77578 244.19326 69.54431 241.18537 173.48278 257.61134 67.94893 82.22718 179.32437 140.84799 107.68787 117.81529 27.12413 38.77107 240.39289 95.44744 233.06849 137.58766 159.55813 176.22475 109.95782 131.48874 296.45795 168.07577 142.92183 224.88170 183.86336 24.31745
238.46275 114.72078 276.97548 109.78971 271.43049 113.71323 292.09738 215.32499 192.28103 102.34284 280.51254 249.62858 106.72407 196.40627 30.97458 62.63299 234.35872 160.61922 25.49745 294.03128 127.41884 190.88828 29.24859 54.30539 104.22507 292.01739 249.12422 211.66695 176.71523 198.99794 154.68746 256.32894 64.57372 16.60708 92.78493 57.12315 249.30144 220.32804 19.80838 146.48742
20.39674 21.65731 221.98899 210.30133 228.10226 219.49024 281.23220 40.36942 15.14192 93.30945 4.51420 96.37276 75.12848 219.75781 254.34181 73.67835 26.42941 35.09607 150.04675 202.38959 236.41354 233.03485 158.37522 285.51148 35.39725 256.30000 22.63056 99.38962 35.79754 165.84908 265.84809 40.34705 260.57553 213.25219 87.50380 12.11584 19.26153 126.90363 225.11815 249.86236
94.11282 8.55767 230.42021 165.06283 99.72834 214.40485 254.05589 175.91381 103.13441 132.78981 194.66849 90.77313 131.50019 123.04975 106.01444 90.53486 243.20046 217.95776 181.52490 42.96300 40.97259 64.77188 183.53231 160.12202 290.92816 62.39422 297.97228 257.65549 266.05745 115.72309 169.20502 286.52682 31.67843 79.98432 283.81601 240.40921 244.02741 278.82774 8.47999 47.49979
62.07607 60.13582 24.00413 281.44981 145.37611 15.95977 129.48697 53.69918 101.22242 248.08602 23.42878 123.51416 250.47499 141.77100 252.71842 137.68465 238.38991 285.34400 195.67077 264.83245 108.63035 105.95146 189.42878 2.79691 38.48313 88.80253 60.91232 51.39820 100.93022 218.73866 285.25083 104.13114 51.02161 98.11332 105.88924 186.95658 103.33470 78.18342 42.79115 233.01979
40.81202 185.50277 49.71480 292.45833 46.21330 225.94943 125.50948 115.76147 260.19386 88.77067 272.26320 283.43348 242.49898 251.85812 213.05554 19.45327 187.50248 39.44741 192.12648 156.48721 82.51072 93.05577 144.58681 171.19583 103.63854 243.71769 227.71388 265.28736 298.14734 108.32435 271.49071 106.34845 158.11215 125.28917 72.92032 260.43108 107.27235 10.85639 121.44929 13.00550
140.80539 22.17092 239.00989 193.24726 196.80714 95.95113 3.89408 264.49312 36.69755 44.13972 85.18746 23.41187 124.59322 101.03792 9.08507 35.16197 266.19278 274.19722 65.43673 263.42834 58.63605 90.46133 212.01428 228.33272 210.11022 294.93440 247.74766 80.99752 227.81913 161.03847 247.41827 254.34942 291.10806 164.40387 89.27566 69.27888 233.17765 240.12154 225.49211 255.99680
171.21661 192.56229 298.98109 285.30580 128.16489 66.51991 254.39017 242.40727 271.84994 150.97602 70.73563 181.13248 20.64955 20.25876 159.35072 222.80453 231.03573 96.21849 54.34911 189.07251 275.38593 102.71085 90.22798 166.69358 118.37351 76.92194 152.50557 16.15429 129.84348 160.92031 273.57702 147.35119 264.95662 277.43047 275.09063 66.06463 109.98786 262.16592 2.86259 25.21304
284.53364 129.46603 237.69834 182.65121 99.61257 14.74878 140.59092 155.68496 47.72962 256.41271 146.23933 175.92869 265.01695 128.19026 58.35375 11.57679 6.92001 94.12934 263.21001 170.97364 185.00903 246.43996 96.19241 242.70150 203.50446 80.63254 179.58053 258.80452 74.00190 64.99169 172.63311 119.94213 164.93454 123.63828 86.03603 270.68503 121.29205 135.13529 132.54521 24.25081
268.41740 129.60870 288.83171 63.99385 7.54506 283.24027 186.69447 14.21398 245.69007 255.12771 47.18366 267.58067 280.88606 87.23376 261.65922 217.16966 156.10115 246.31963 22.51040 44.51898 281.11037 152.66688 128.33427 221.10686 2.58534 57.62928 126.99576 115.61497 49.76807 231.11026 223.66261 209.80948 16.85280 268.57506 255.58682 286.50855 82.12110 49.96889 275.13658 221.61623
209.56366 201.57836 70.37145 116.62881 255.08451 93.24195 73.32268 156.80138 171.54427 132.74466 136.63280 8.13457 106.58862 107.08687 101.98256 235.04239 195.31335 152.71496 243.84614 202.99409 118.61388 288.00806 144.31660 16.27628 245.81851 18.18666 282.98111 80.75296 150.56489 116.75727 169.74136 217.04707 190.52333 157.42349 296.12696 219.95610 148.73504 113.14936 88.85008 103.22244
196.40483 195.32833 253.42889 86.38862 276.96506 289.42203 290.67955 145.06814 160.02071 266.51784 232.79047 6.33052 165.16710 114.92012 16.45608 90.57457 260.49080 81.98334 124.81795 16.16657 104.00169 261.55710 107.98521 50.91737 139.16049 267.67359 179.22728 259.73979 155.94102 98.34254 92.14719 182.03567 18.17601 256.19474 176.47787 124.98058 22.29106 57.99449 211.48729 14.66571
63.31637 249.34134 20.63069 123.51101 3.87788 112.60390 187.00361 181.13996 45.31396 267.55050 87.53231 212.86621 25.61006 276.47183 216.82132 61.83569 223.25056 296.54558 182.45127 75.55237 124.46733 212.92442 139.50749 245.33852 299.30292 30.79774 224.51232 99.44449 43.59939 82.29557 46.80766 266.98746 175.34527 235.14634 254.71848 38.71111 134.67132 170.84292 208.57068 192.41045
272.07594 114.53544 95.59621 224.09059 211.52427 36.06587 173.03968 231.38462 249.50167 158.57303 116.06987 185.56766 201.44697 215.54045 221.11748 75.84802 233.85229 290.66032 118.38576 73.93385 89.52807 190.07860 268.10577 234.88489 30.89432 83.96995 245.34228 108.34190 25.53778 7.38313 62.56516 280.45828 285.41070 127.33031 180.66397 156.73629 11.97331 87.99672 228.52775 108.65264
175.67048 75.57002 243.77470 50.61236 226.07568 153.25335 42.42759 215.94684 43.18632 16.59040 284.33379 84.11945 216.51475 264.98018 200.96313 264.02497 9.98113 278.36214 97.73262 174.36808 32.84464 188.95136 145.87579 204.62535 100.14956 224.35315 207.91174 294.36470 142.12214 186.39183 98.93050 76.06023 46.32872 264.88854 287.08987 249.96085 238.93385 155.81819 214.94920 32.07713
203.70566 250.95822 217.08667 250.08163 212.48884 24.34151 231.12178 295.20979 58.65901 84.90269 242.56602 153.66452 298.34256 176.37276 196.13043 276.09248 89.17507 126.86946 43.56438 80.33705 261.67215 205.90687 44.18426 69.67735 174.66886 18.84611 285.63334 244.13839 24.26816 91.63875 278.10332 45.51035 167.87497 225.28791 28.20288 291.56194 208.95968 188.75137 209.65901 259.15695
47.67048 281.06450 216.90162 121.98217 32.62394 45.15462 278.71747 214.88212 259.81208 14.78027 226.54819 30.32006 34.82838 207.99562 114.48895 206.32397 201.77219 38.11510 269.83337 145.38677 111.95335 135.44586 278.27116 267.22001 43.34404 22.93225 27.99455 21.87529 187.16765 244.95732 86.87639 79.38838 148.59641 193.59905 145.80941 218.14433 149.57967 11.35716 235.47927 209.92934
141.13805 51.62272 221.95751 260.76271 212.37780 75.45099 281.12225 152.44418 213.94924 155.22310 192.84493 131.64145 288.39340 83.33605 134.65039 63.08545 39.83479 63.29047 112.30908 282.40883 177.39332 136.06610 201.96700 197.94583 39.27036 121.44418 182.46172 162.06109 222.34687 254.55885 117.44997 137.21148 137.86567 140.96049 109.46276 228.80655 117.22187 49.18627 142.47580 102.75733
9.65507 235.10231 81.94186 179.61785 227.84780 63.67985 122.81345 88.20193 198.15172 73.53761 206.09116 251.36836 178.11560 293.87852 69.92379 257.89623 61.20791 177.55421 298.60561 160.27813 283.83069 77.84240 239.59742 264.80705 218.46837 283.07971 238.67223 17.14126 49.68626 268.44283 125.79442 148.70619 36.02081 187.74117 225.53780 118.34808 269.98412 131.96540 188.04986 254.23341
194.55913 118.20477 207.35762 41.57690 67.74276 200.92865 35.89215 53.86339 179.95419 192.00676 227.39048 107.36251 184.54189 170.58990 195.81102 42.36945 82.31708 196.53851 171.29918 155.22275 55.47555 132.71527 145.79113 101.30930 247.84197 10.47425 180.34793 180.94197 96.41261 222.49259 123.46352 257.62094 216.23900 263.25976 203.59553 272.27870 164.03443 19.51728 182.88606 2.33982
253.11386 94.72092 192.20756 195.00741 69.09062 206.13546 264.54336 192.76594 9.33563 86.77885 227.04635 201.75475 174.28155 163.12182 118.79647 64.43825 133.53982 33.15132 238.02842 184.09555 155.86944 162.06259 177.34972 203.53297 120.68424 245.98923 61.36505 187.24805 81.71573 155.28662 15.17457 31.30461 218.09857 210.19662 68.97696 178.07467 232.87641 57.15141 159.52140 21.03470
147.35183 145.19524 50.46037 10.99792 90.16594 299.01465 156.21320 28.64388 171.39184 223.90907 235.82992 83.33880 60.78510 189.52387 157.57914 1.83798 210.61326 61.50086 244.88118 164.57833 124.61035 142.56984 33.70380 23.35379 121.62105 190.58658 155.64036 86.88713 244.59169 111.67461 107.11857 137.01888 96.86858 200.14722 254.84416 246.43180 167.75037 6.95574 26.05867 50.54098
29.91979 160.87139 259.72565 217.69565 108.59427 243.09779 55.01730 65.12298 294.94616 73.60646 103.61877 150.66924 97.56538 270.02967 122.28330 245.46628 78.93537 174.03924 46.91547 251.75007 212.01532 291.00820 59.51081 262.14842 288.60376 124.16364 183.45882 259.29764 142.20941 139.35881 69.88751 237.28914 25.57682 34.20230 147.05397 137.94125 136.46438 289.32515 178.66222 245.87084
209.44609 269.63846 261.09606 106.08799 255.69033 294.28750 161.65907 55.72950 254.30433 164.48335 204.95732 131.83971 200.01732 64.40128 75.60618 119.92475 228.59543 50.29316 42.08985 218.24076 163.49952 125.14988 153.25716 44.39156 79.59297 51.71540 277.57401 161.97318 55.10011 229.42195 4.20580 179.64026 86.37088 8.85292 168.30595 12.63426 238.93591 95.24085 162.51455 81.98400
127.89581 35.76655 91.35759 21.64884 174.52748 63.37509 66.77352 259.15440 70.96892 125.76177 299.85481 132.85589 34.34160 54.99759 3.25276 145.37330 13.76929 73.29440 191.17679 145.52436 166.40316 96.63990 32.06097 34.12895 97.63153 206.34922 148.49835 253.66918 2.02668 298.37494 132.02974 155.71068 7.14393 233.50138 150.21419 239.07755 267.66975 14.08456 168.50053 129.26133
146.88353 20.93247 10.75697 174.83173 203.15312 26.19982 270.45887 118.65587 153.35089 113.09716 254.08279 29.30202 127.16374 47.63845 55.40896 277.85018 32.45858 220.51825 270.65966 29.81921 228.73436 61.48147 214.66372 191.65999 44.94288 39.70695 267.55907 102.20784 79.37502 168.15796 9.09988 4.35552 171.03287 62.69188 166.66829 26.02607 3.78507 237.38602 251.01606 24.25845
178.68108 278.02622 184.02261 177.08172 197.11429 8.52015 206.84001 35.50837 3.40064 54.60152 250.88348 67.66170 117.45851 94.35520 106.37547 5.19040 259.26941 9.91853 233.36732 149.16281 162.68061 225.13388 278.16786 56.32435 115.37569 25.55351 236.58405 83.13707 96.46696 140.93492 48.06454 272.93633 150.85364 129.76599 65.83525 85.39578 69.66217 79.33594 254.63218 124.76795
33.05517 152.01030 88.33294 182.90530 5.04459 10.98235 92.11284 183.97094 64.02911 172.33635 234.05525 126.40569 61.43407 218.14822 136.12639 2.40143 168.25244 32.34879 34.42724 96.00107 213.39802 250.51001 200.03407 34.23011 101.29288 192.87143 281.08130 6.04901 195.83412 205.56389 168.19357 4.76406 179.68275 91.96637 84.55653 101.32451 6.16599 114.57024 132.07093 241.53829
238.91478 251.49488 37.07756 195.66036 263.80165 4.83302 200.79374 133.03095 79.48497 11.18345 116.65543 114.50574 149.34586 119.60359 91.73940 40.61726 273.81870 124.56178 195.25456 47.26543 18.19338 257.08566 208.44604 15.09910 175.59031 139.73060 76.53535 136.08773 295.12226 206.36453 221.35765 279.66707 291.13005 60.47946 291.00390 10.04582 294.55172 152.80127 115.19858 10.31903
7.88822 292.61958 30.47038 243.29793 122.68425 167.60202 159.60150 274.41970 296.86621 144.62724 75.56347 84.17222 280.09935 157.23057 100.49781 15.46835 137.48878 20.84496 167.43798 57.52671 131.39591 212.91199 222.40813 244.57304 166.42055 187.80489 162.60306 115.56865 284.53863 156.01176 137.37669 130.66331 145.09339 263.42769 112.82982 200.44850 244.64095 93.80139 178.27935 236.56455
81.53568 296.41689 42.04323 297.28451 48.73545 245.47892 171.06903 86.56250 142.77616 220.79399 13.18637 33.93531 229.41387 278.32398 103.75326 286.14195 284.60715 205.20744 36.85507 82.96508 122.39537 273.45228 126.14257 287.45889 131.38601 238.57964 49.37845 218.91762 242.23967 75.09765 61.94468 188.38784 73.89786 258.99577 2.95490 74.92567 119.68502 193.58016 113.58944 142.25405
282.99974 20.05855 121.06880 163.39688 67.56026 118.01442 289.14615 55.22772 148.49828 228.12493 101.56728 191.89952 236.41443 41.44988 285.24090 231.69976 213.53502 89.41946 211.43459 71.87051 21.25866 252.22920 115.04800 293.84260 243.64192 246.64176 283.11791 229.17028 234.26468 144.04806 279.26442 257.13800 249.22899 95.08643 63.56265 199.84733 202.48780 233.26881 263.39353 221.90597
132.83136 258.80724 177.57923 258.59291 238.28705 47.01604 106.73868 277.21387 232.75860 36.66172 153.07510 11.40031 49.59928 179.84766 264.90581 104.38389 73.33764 45.78297 253.19626 272.71766 64.16560 250.42918 233.39708 113.22209 142.86951 151.98419 190.40411 229.28724 76.94383 25.74319 249.43167 275.82433 87.20601 89.29900 173.08940 235.67330 16.34629 224.77642 266.70535 53.07771
72.21070 292.18984 114.17973 139.20822 278.96754 195.86088 140.62584 280.88634 1.19685 156.03528 179.86775 77.18054 175.91533 282.83969 214.58264 187.58356 189.87441 231.65836 104.98850 54.32920 94.85470 225.58488 268.49534 81.30039 68.42302 174.80145 288.48014 6.31332 117.21315 197.02533 68.70433 45.34302 199.46694 283.35347 80.56643 64.91762 141.24666 284.53974 183.13255 147.51773
127.09383 218.59304 55.85063 244.50612 124.40352 197.56081 84.98400 258.34262 181.27756 124.71322 190.41020 161.99900 73.74166 233.19519 21.49353 130.21428 13.36397 186.97612 233.62988 227.91816 37.50485 291.39039 109.42533 249.83350 78.06410 127.23068 39.23423 216.58104 289.10129 181.55024 29.22871 127.69681 161.13452 245.52375 75.31659 18.99016 270.54790 275.78868 299.16784 9.88901
13.46127 176.41973 118.63259 234.75004 206.02745 164.60026 162.18984 45.55199 267.26011 285.62810 237.31957 250.05417 255.18852 113.75003 29.84774 281.30849 289.03303 77.70366 236.24478 272.05320 21.57975 124.37230 21.20877 18.73591 2.46001 102.88756 71.52268 149.92300 254.73150 272.60247 235.11619 253.85561 142.84050 41.92671 2.10816 281.89774 58.03103 240.95852 221.28762 33.22113
85.55551 205.37835 255.03485 198.63896 254.69676 77.19951 195.80853 51.44047 264.13599 7.39782 75.96243 141.22459 275.24784 280.73292 250.52433 122.01271 139.42390 256.79931 52.13779 145.17767 173.75213 224.82550 16.53642 8.63038 196.77712 267.03576 75.63378 11.90301 23.78218 227.98675 121.53447 161.94455 252.43309 171.90859 2.89448 225.69085 265.58999 127.80932 85.31649 213.39416
298.99658 230.57092 95.19407 296.84340 274.56619 226.45857 277.56800 23.54902 129.22033 23.70618 228.11958 34.28277 254.21873 110.20457 293.09647 258.85289 176.44142 100.96316 270.29477 26.15003 103.17499 117.89810 222.79841 213.78418 74.79940 30.16014 149.12818 8.29790 72.58430 14.49981 144.01862 106.23850 208.25387 121.02103 235.12163 166.72949 279.23595 63.82205 59.68955 215.65707
112.07466 52.92504 211.90002 179.34039 219.32336 109.40119 106.20664 21.49321 263.27245 87.49386 29.50102 61.94963 60.03511 181.59052 32.71676 36.28915 299.94305 248.72281 275.65745 19.27989 210.59980 257.63795 207.18681 202.25697 287.90117 143.55046 120.48806 221.93682 147.68270 244.01570 165.28438 263.11231 128.40867 80.30401 131.79960 151.86267 194.35781 109.23453 148.11643 60.66490
43.80928 46.29624 12.80101 196.30683 238.28303 270.33447 261.35269 233.72826 89.66685 119.53126 226.03887 251.59272 213.17623 238.68771 189.57199 28.53126 120.23780 20.60145 255.44930 45.12266 259.82889 123.77757 121.88091 10.90964 86.77376 260.01727 89.22631 129.42438 10.14654 86.72870 59.58845 178.19871 107.93634 164.88908 279.14924 36.17084 153.33070 78.40217 152.90438 101.59615
28.49822 220.16670 211.85502 36.04134 291.63256 95.78390 151.00115 9.83741 27.32754 76.38690 114.59740 256.74795 180.68518 167.65145 55.31451 170.72882 148.22503 204.91726 16.71697 37.15179 63.36867 200.29719 154.68868 53.33462 298.74747 86.19204 159.54548 104.53696 120.48205 172.05301 12.95977 8.35186 133.57694 67.36544 50.93981 17.78849 198.91372 141.63409 77.15551 244.98348
20.78603 187.50147 254.54131 154.19424 115.53178 166.10927 252.00274 266.39298 4.44891 275.79899 71.20754 209.81019 96.76078 22.64172 9.74383 75.28784 294.18031 65.45005 269.82447 117.37056 250.70595 274.80254 164.87178 62.97886 89.95286 55.63027 212.95612 271.43058 144.00976 180.81283 226.41034 88.93856 52.06108 269.34385 64.43507 116.67331 98.31543 174.50144 145.71935 23.61463
149.66045 161.61881 231.97376 174.17078 72.60222 181.23585 149.59146 194.58186 104.14822 205.73142 266.99678 270.56563 179.48084 247.65129 70.42989 39.33806 2.72252 151.44827 279.69720 201.13652 165.84414 269.83694 201.70489 287.38787 116.47823 141.89962 247.40086 29.37599 103.96773 123.28356 147.60607 295.25481 179.05123 65.15956 157.51182 99.92131 113.66797 295.53068 172.66693 245.67549
116.70651 207.69072 178.44061 231.19807 11.97034 203.06255 184.52002 182.64923 62.95328 248.53058 52.63977 289.97910 117.88439 222.80500 146.77571 263.17617 289.03070 159.77701 104.99628 23.41935 170.69553 25.16897 298.15522 23.92721 56.36996 48.45809 220.53125 90.23194 141.38818 203.88824 30.95471 150.02725 120.41969 39.95196 114.52475 20.40327 23.39592 106.35812 40.77875 48.32592
157.87344 261.51002 135.49570 282.85115 17.30484 188.43532 79.95822 205.65319 297.11962 23.55352 47.17017 273.43088 65.50710 297.02359 102.51540 134.17956 288.63664 175.78822 23.39791 13.37060 263.23530 291.54398 232.94634 126.44472 279.38907 17.19833 117.24843 28.31902 110.11648 3.51790 111.93603 32.20957 163.20087 299.00905 178.46831 116.48815 141.93438 49.40477 6.06188 272.89498
299.60728 72.88174 204.48943 297.08763 228.34314 23.07811 5.06870 107.36369 22.81549 12.89510 155.20233 205.61155 99.07430 232.95186 9.39653 169.76856 65.05954 139.20817 266.34417 3.92742 21.79347 274.88941 42.51960 10.65858 218.72596 266.73524 282.12378 261.71393 239.12290 5.87691 253.75995 291.53656 230.65332 248.49088 70.82126 201.09142 69.90059 115.50673 68.75758 219.03226
195.70786 280.26322 98.35664 41.29945 279.62722 230.82419 80.94887 242.13430 96.64265 182.65723 185.15521 93.83447 240.77214 273.46633 232.51407 206.86324 114.39822 133.21298 247.63070 116.12746 97.45876 133.81874 88.45238 182.50886 3.61676 171.26675 246.35441 53.85719 167.27509 103.81525 295.96646 163.12510 145.96643 78.74919 280.97641 225.56670 144.06299 163.59369 9.43197 17.30804
42.09077 181.49927 137.11381 118.33781 289.67519 176.07498 244.43210 179.46003 25.11184 118.08098 193.62114 103.39698 24.21288 144.63835 70.81629 153.81839 141.78469 211.11447 107.56363 179.49898 13.67145 213.72937 35.29905 125.99712 181.01832 130.39384 172.88246 212.99499 106.85601 40.22647 126.43132 77.21719 51.40344 84.62288 22.92567 70.69022 250.23422 130.05447 111.23801 97.84549
292.33689 87.67469 77.12578 43.73695 159.89628 61.91351 194.62811 49.61847 264.65889 203.53461 282.47005 59.76284 169.57904 11.29375 235.55851 22.76732 186.08854 171.20893 38.73291 243.73765 112.05786 201.27485 70.81192 64.64858 75.83801 164.30325 151.38930 66.02403 261.50183 207.37773 189.82535 48.67799 171.70754 32.49136 257.76628 145.47665 191.04699 144.64754 72.71277 206.82190
47.76457 192.22749 222.16934 198.35216 196.31999 248.57054 1.09008 98.63507 89.93656 140.16585 66.58156 124.99317 253.41189 48.48569 61.75283 238.92264 24.06614 23.69013 246.65435 188.55534 13.28123 287.73142 218.35364 213.20251 243.38761 170.22241 22.32961 88.44181 285.28144 299.04623 79.62305 225.22755 179.71813 196.31589 295.63238 279.91222 100.80771 73.48597 61.15540 175.72873
206.45886 137.23238 251.07557 52.95741 186.67168 106.24948 139.34464 216.50245 162.07383 48.18983 59.22615 250.60939 224.94208 143.79167 71.35229 24.47859 172.02045 49.68646 95.15680 73.69060 32.76296 265.45835 34.24825 87.92589 299.29337 255.54347 15.39544 55.35916 73.37969 178.57821 59.42167 5.69871 36.48627 232.07260 102.37200 150.65407 197.20176 114.24634 73.83439 22.01242
238.57950 89.11626 174.60233 105.13447 228.63384 26.01445 31.14752 110.90849 284.32685 214.09858 24.45252 198.83384 27.27704 255.13643 226.06607 147.61512 299.47703 62.54727 131.24436 268.70403 166.78882 213.58429 257.52390 298.99358 276.41489 76.83934 251.88884 138.42123 243.42351 212.04945 179.11083 7.19214 26.78416 260.14155 277.84477 133.59307 209.32389 92.81927 281.30079 271.83630
135.70665 189.64321 16.73541 105.29267 179.93487 238.73119 185.22237 265.16752 250.14984 24.32855 144.76513 88.62211 243.25278 151.72795 292.44949 265.73307 132.01137 212.99813 93.15375 265.92367 178.75125 154.07590 234.07540 8.24728 16.61575 216.56723 49.76370 266.63758 149.84626 225.37079 68.87966 91.33974 281.03256 247.37047 238.72543 260.63151 181.23375 293.60176 61.46498 169.67216
38.75712 179.99194 155.42876 85.55007 296.11160 43.72297 243.03793 18.67694 202.69899 244.60731 294.97366 139.13998 88.66639 260.65010 266.09962 233.52474 215.79098 26.17974 196.01224 119.83673 253.79774 278.38568 74.40108 20.59957 149.38180 197.61991 247.98039 102.22852 284.23355 96.13192 205.92019 76.78330 267.44910 130.46495 209.99915 9.57122 182.57933 39.39394 46.34909 19.51534
103.02584 34.39192 231.72637 196.36310 193.45037 232.56533 58.77847 111.72045 292.83376 108.07217 15.29507 108.63173 155.49145 140.76137 278.03656 197.56241 269.37226 261.41695 283.26772 58.81252 170.71907 259.02068 258.73561 9.95777 2.63246 244.34829 37.13442 57.15878 2.82913 142.02409 49.99599 8.25095 83.48340 168.71356 27.08885 64.86564 241.90882 285.30447 12.19703 186.80142
234.30498 149.45274 49.03456 298.54768 234.30452 257.07846 60.58812 129.97276 183.01859 185.64182 209.03156 256.96148 200.08024 203.89619 131.74358 153.98730 237.49130 86.21497 99.06697 200.59010 138.09662 27.28666 186.46266 192.20168 221.27492 73.97753 48.20210 78.08461 245.00098 59.03122 278.01889 157.53514 280.95488 113.42477 258.05244 144.78022 140.92373 38.28026 38.48611 270.16567
3.31563 228.98961 135.45432 108.66799 181.19303 170.01571 142.88395 106.89901 213.06506 7.28125 294.34580 94.02037 75.37627 99.67231 36.38089 86.17195 93.01079 90.95791 150.42053 83.87109 184.16689 281.15215 260.52317 286.93542 220.34232 242.55621 57.70827 259.06519 198.61433 289.22504 95.08474 65.14245 114.72626 161.68838 67.28887 73.64170 144.84358 272.87253 230.05920 226.71423
280.08192 115.65702 261.20670 209.25580 46.98023 187.09011 165.96246 111.43523 131.65194 131.18203 221.51690 245.36305 144.99188 108.51741 65.69672 180.81224 204.09385 213.00918 66.58050 171.01245 160.79549 188.36989 200.36872 75.76549 274.33732 245.14075 232.50983 232.30352 284.54612 232.29363 239.34209 259.29108 191.87490 262.59888 40.51979 157.37301 283.86314 28.34331 100.23497 122.39466
195.92689 188.61560 284.47936 269.72303 84.84982 176.30310 110.19720 20.94483 28.45157 57.03178 76.30113 98.96702 284.67013 54.84289 250.02920 153.46520 25.71441 115.92396 85.77945 149.59526 299.90582 254.42243 107.31829 164.12118 268.10632 138.33828 67.61683 248.21155 136.96886 254.89148 216.04019 40.00826 138.91830 33.53539 84.98041 150.34249 119.38493 49.57903 88.14719 130.49008
19.60719 247.02314 283.19293 125.53627 161.07091 13.93335 297.52991 274.68191 249.21250 165.11410 31.81781 125.35435 139.23051 112.96807 258.17337 238.34456 107.44229 54.02661 164.00358 271.76815 38.07392 287.08340 82.28141 207.49698 145.54058 137.13015 125.52201 57.23412 199.42556 285.01899 196.49514 53.70676 99.31640 190.83428 33.69297 145.34259 70.06066 126.73438 169.72550 136.11178
273.94733 196.85800 171.08645 153.00158 16.12854 206.44041 97.32356 55.09309 123.93413 226.00026 182.34115 230.60296 166.06382 186.80590 116.67528 60.65563 265.60342 131.22815 151.37809 167.59320 273.74872 258.12417 192.33251 251.67944 278.52321 134.77504 93.11593 238.96653 85.17218 275.92360 294.65048 134.43440 148.41934 68.38912 48.07317 257.89127 204.61527 77.25612 285.48082 101.09096
186.44610 60.73325 6.17651 36.63132 109.14727 36.87696 244.77115 283.49916 83.26234 10.43464 175.81202 265.21841 287.75611 166.86594 88.81090 140.21422 249.34037 119.70797 289.80015 79.06411 274.70172 298.43372 56.38812 74.81294 4.42240 238.50001 128.60213 44.27048 141.10834 5.72522 145.83500 282.66896 119.38319 2.48830 62.74058 199.91058 64.92119 286.06738 72.12984 11.33176
63.88711 136.87876 155.97787 150.71761 146.78774 216.52660 232.94724 152.48777 153.16380 43.90143 278.52845 132.23766 172.09495 84.22989 103.05106 227.15868 267.03531 100.35189 117.19566 87.80959 40.93605 56.35718 269.48904 175.57357 37.61397 82.83132 46.46757 90.27395 263.89023 37.64257 146.47685 66.78079 211.67161 278.03755 14.70274 269.15472 239.47371 268.96608 31.46906 69.10599
266.73895 123.81155 17.17122 212.62247 147.85489 122.79502 239.40069 66.77565 206.85371 116.51229 296.30364 194.84774 182.21826 206.46885 268.40220 275.61404 251.55632 268.16249 51.09954 286.41526 292.00069 40.95385 211.51581 133.41141 150.87360 285.67120 215.28229 227.81983 40.17682 71.46229 26.47154 13.75604 98.07036 24.59463 202.86463 35.79993 167.55127 174.89718 72.51809 205.79123
231.39690 156.87332 38.53994 22.40999 277.27288 286.13497 6.10545 299.05116 105.12728 67.09155 234.78813 231.11422 205.84911 290.50435 290.67400 138.04183 249.12147 40.67583 92.49209 38.34410 209.44357 220.91164 40.43240 271.50643 250.65386 45.85275 179.95419 163.84300 197.63206 115.81269 231.26191 256.56678 268.77689 281.76663 234.76606 134.49770 49.86681 67.42062 8.86138 42.46866
215.76184 140.23028 168.85674 39.24420 158.93034 263.34599 115.31580 265.49273 14.62045 42.42828 246.70149 6.70258 154.02138 277.34856 210.00395 85.75767 180.31154 288.78700 204.74764 216.40232 66.01147 58.36035 240.52170 198.97047 119.03699 98.26619 276.92383 54.98054 164.21259 116.48427 247.03456 26.20189 170.18582 134.87255 230.50089 274.63543 140.15471 149.35568 185.90888 90.18123
91.81592 268.76165 245.95237 99.24685 58.33413 85.67541 214.06994 80.76022 196.54744 21.99105 209.11739 56.06838 42.65193 167.29477 208.90163 211.55979 213.18962 279.94063 118.78052 159.31736 276.69110 178.21768 286.06651 73.76589 66.27782 268.14754 142.14286 128.01388 64.60720 106.09911 64.30643 291.98165 189.91045 134.04351 193.86531 283.14175 94.86415 66.47423 116.59240 184.43994
99.03242 245.62782 293.74307 112.30544 114.21324 59.48374 235.95351 293.81877 56.39380 121.91971 284.82688 265.90528 58.42187 109.56536 211.95919 141.93799 235.21499 244.65047 224.05735 213.03717 38.69083 207.83412 187.67427 151.74239 260.47397 135.32581 259.13870 88.80494 8.94743 91.77032 198.59699 132.22691 119.67373 215.92396 9.42083 136.58087 109.82848 133.65465 176.78868 30.18214
93.17786 183.41567 278.23063 60.77871 47.63439 144.47417 106.55171 18.84107 112.22365 90.37050 49.24885 258.85020 233.56869 266.02016 141.25941 268.15716 109.21418 168.43480 204.59211 14.32432 132.24216 112.67043 176.59651 288.05966 238.76718 87.26544 220.22973 185.47671 56.03264 131.64702 282.32266 130.01407 271.65603 270.25211 220.80938 209.86082 5.28147 61.70902 19.85216 83.06784
233.47637 240.78179 44.73717 247.82454 39.18922 14.83681 84.14887 91.89869 218.68698 162.30786 277.37173 116.67122 137.84879 158.47407 45.69971 123.06272 68.88438 202.17835 209.58943 179.22798 119.81576 254.50247 27.77586 163.05581 208.86302 290.59689 21.77769 108.39649 136.30944 99.82104 250.05538 237.64837 87.63349 178.09938 68.67937 70.48959 294.26859 116.82751 293.70765 241.94106
278.64074 71.24528 167.29962 144.93725 116.12307 197.06924 65.70698 221.71928 20.47959 298.66088 33.78424 210.56259 111.82515 282.45009 286.62282 112.82610 84.96994 62.91781 254.34838 92.70356 2.20318 223.44493 14.10557 25.22515 100.99266 27.25671 26.81724 203.21359 120.11258 229.74559 268.31808 86.33008 184.81078 246.08975 143.89657 41.52606 116.82336 163.81409 77.78172 260.56560
65.87880 299.21591 236.78474 77.99662 292.69067 246.88724 27.27255 264.36987 210.09183 249.18272 229.86945 58.22206 211.64705 165.73204 216.21517 270.43713 204.29599 33.88346 165.33403 289.65736 137.46747 52.44924 186.89979 68.62264 109.06561 168.97112 7.54618 208.29553 259.20889 51.34726 204.47827 231.62568 59.59161 48.77541 260.48701 288.39269 82.88281 140.26472 91.54270 58.80943
37.89498 278.64259 157.89398 264.93843 65.06114 168.60359 257.29925 83.95327 57.45935 32.66219 174.25185 234.72030 81.40883 65.34578 88.60452 30.83282 255.12325 235.34407 117.08697 216.97589 201.06123 220.32497 256.56768 39.41632 257.04860 227.99421 291.95128 39.04239 176.42095 220.61967 66.92545 168.80607 148.14869 130.18676 21.69116 270.71846 213.54485 278.57268 105.88982 189.62296
225.89348 120.38884 50.96158 280.57229 226.53898 78.07120 116.12273 73.43658 219.34913 221.61507 241.78621 75.61515 146.24637 144.94385 6.42081 217.68961 157.03684 138.34712 178.80646 4.90765 30.42297 232.52568 191.51095 131.16632 24.52383 155.96641 14.75982 91.51659 61.40168 120.75499 41.26146 178.41233 181.18945 147.68059 171.36620 59.34795 285.24839 97.97733 124.80222 220.75361
70.24026 242.51819 236.65092 227.84468 242.94843 240.44804 102.53028 257.24899 254.70295 208.67711 227.37342 270.74769 19.61567 284.86156 221.86147 288.51934 82.40719 34.22459 182.09358 15.46799 142.60789 84.29541 60.86295 247.09581 299.07242 258.54339 45.49972 190.91237 3.36669 293.22348 155.24698 277.16403 155.48118 30.82014 240.85804 128.38121 269.76026 47.84654 219.60385 73.85003
254.73531 190.69983 131.49447 178.29869 71.47670 60.46252 71.00292 74.01266 119.21268 60.50515 269.23332 275.06446 240.78518 285.56654 286.22182 241.57138 10.17187 108.07049 6.07063 213.84189 59.41797 182.04619 161.80014 233.91720 215.89344 70.29442 150.19062 93.71077 139.13332 182.57869 33.67432 232.62706 129.33374 185.08687 283.42203 277.46869 255.40458 255.31750 60.35065 269.96429
238.44348 186.07951 168.91036 120.48610 273.47020 221.80092 99.99793 178.73810 63.58754 221.74074 51.22401 218.97191 142.59196 116.67625 193.63522 166.10759 151.58444 195.88540 241.24929 285.34356 139.89646 43.49619 124.09240 224.57758 92.80439 93.02421 56.96129 253.40801 87.43285 298.35270 13.26371 29.81993 17.08197 12.32641 72.93676 282.62804 8.84535 174.28203 165.44415 110.99198
65.11908 39.28572 191.86768 162.63481 205.03064 217.52730 183.62358 6.84495 109.80121 178.76854 263.27139 5.82588 73.99032 110.37812 35.58520 231.97597 237.00114 194.31752 183.20454 289.10769 241.21343 146.36513 238.59512 286.97979 154.98059 189.48086 72.37458 195.21754 6.41390 122.96631 83.84810 215.84557 268.14035 24.77155 28.91723 90.97810 234.81241 89.51599 114.63443 76.39306
157.60554 38.75197 286.54788 126.53452 107.26286 5.18893 250.22195 40.38076 98.92741 28.63087 226.72846 24.14433 4.41189 220.41653 122.96694 217.42813 179.35363 156.53840 227.99038 143.57581 188.83010 253.00302 214.60105 154.40179 259.81484 48.39637 206.10527 114.61059 273.54371 175.67015 71.85433 286.77205 179.41768 40.28523 229.86384 69.42704 200.30582 175.20517 257.58661 170.23078
206.02917 161.02658 126.95594 5.76413 4.41461 50.09667 252.97370 70.17491 67.98618 171.46653 153.76319 107.08063 27.80225 52.21476 223.41084 230.16808 111.01719 83.29337 274.07065 135.91264 163.47819 253.63106 167.57246 16.20881 20.92715 57.63543 228.47134 52.40975 76.78970 85.61711 188.87432 289.57302 20.05087 222.99745 26.50354 248.75956 291.64275 154.52139 129.41361 152.44979
