9.8825 1.5824 2.8561 3.3134 0.1936
7.3248 0.7449 8.8203 7.8224 5.8311
1.6850 6.7856 2.3596 4.1888 3.3970
0.3198 5.5792 5.8250 5.7097 4.1305
4.9060 9.4234 5.0877 0.7933 9.0828
0.4720 8.8378 9.4643 5.2600 6.0303
7.2349 5.8856 5.2946 6.2864 4.8788
1.6484 5.6724 6.3811 2.9493 2.1383
5.2243 1.2326 9.1103 8.8163 6.5030
3.6651 4.1693 0.9842 0.4156 9.7999
8.6950 6.9588 5.6239 4.6507 5.3460
7.0064 8.2594 9.8478 1.0693 4.2109
2.5418 6.5243 6.3673 0.8632 4.5736
1.8304 5.4180 0.3152 0.6350 7.1832
6.8722 5.6819 5.7320 2.7253 1.0384
3.2364 2.3272 8.8073 9.8221 2.1324
7.6554 0.2500 1.7562 7.4810 6.5702
2.9363 5.9372 2.2723 7.3503 1.0099
8.4869 7.4774 1.1703 4.4616 1.4562
1.1194 4.6359 7.3977 9.2852 0.0605
5.3787 1.9588 4.0480 3.9047 5.6204
1.8124 9.3210 4.4749 9.0779 3.2735
1.3154 0.3911 0.0566 8.8216 4.6709
9.4950 1.3494 0.8762 4.5026 3.8127
4.9292 8.3346 5.4831 8.6951 9.8087
2.4439 7.2246 9.6135 6.3432 0.8269
0.6437 6.9731 2.9441 0.0740 4.0232
7.1224 1.7941 5.2217 1.2342 6.7608
3.2623 5.9598 7.0405 6.8656 6.8568
5.3772 3.2429 6.9400 1.4931 3.7474
9.5816 5.1937 2.9800 7.3977 2.9939
3.2363 0.0519 4.4618 4.5989 2.1975
0.2045 7.2898 7.4698 1.1973 9.5007
1.2689 0.8043 2.9873 6.0176 6.3720
4.1502 2.5964 8.8590 5.4568 2.2878
9.4725 4.7223 0.6943 8.4314 8.9600
9.9051 9.2358 6.2737 4.7231 8.5763
3.5496 5.7785 8.3812 3.6337 7.1077
6.9669 3.5320 4.0957 2.7346 7.1693
8.9311 1.3584 8.1457 7.4138 7.0798
9.3762 2.6628 5.7396 6.7057 4.1356
1.2913 5.0286 7.1492 4.6112 5.7903
1.5731 1.2199 1.5675 8.6828 6.0955
4.1353 9.0819 0.5600 6.0219 2.5588
7.6563 9.3876 8.4105 1.9439 2.1092
8.6281 9.4582 1.7905 8.9166 3.8241
2.7525 7.3667 1.5525 9.0668 3.5036
1.3257 2.9198 6.3750 8.1115 9.2099
5.9158 7.2160 2.7441 4.8895 9.5318
5.1267 7.8634 4.7521 4.0204 0.6037
8.9124 7.5433 3.2051 4.5379 5.2444
7.8110 9.1314 8.5895 4.7368 4.7479
8.1603 1.6943 7.0061 7.5105 8.5453
3.2684 3.8998 9.9144 2.6053 6.4234
1.9204 0.9055 9.0247 6.7185 3.5824
6.6652 3.8200 3.9479 7.3258 1.1942
2.2194 5.8147 4.7039 8.0684 4.5676
7.3922 7.4703 6.9427 0.7843 9.7721
5.4109 3.3914 3.8106 7.6285 3.2554
1.3687 5.0392 5.9372 1.1995 1.8929
5.5690 0.3921 8.4639 0.3499 7.8032
0.8560 1.0376 9.6788 1.6372 5.5617
5.3294 6.5668 2.9647 9.5779 1.4861
5.1506 0.0963 7.4540 5.1495 3.5258
7.6442 6.7959 3.3335 6.0177 0.9951
8.1573 9.9371 1.5663 8.8365 4.0151
0.2991 3.0522 3.0849 3.7170 3.0286
7.0379 7.1228 6.4401 3.1466 0.7885
2.4269 8.8246 9.8706 9.8842 9.8225
7.7415 8.8120 8.9142 9.3572 6.8112
1.1283 3.4129 2.6049 8.3399 7.0297
4.6833 7.5392 9.0111 9.7913 9.2136
9.6486 3.0469 5.4533 2.3504 7.2563
4.3224 4.7282 7.2772 5.6759 6.1647
4.3064 3.3740 8.8431 3.7969 9.1435
8.3353 6.4612 9.0311 1.3642 9.3906
1.1502 1.4163 5.5341 8.0979 1.4650
8.4438 5.7991 2.4522 6.8772 1.9465
4.4052 3.0956 1.8444 9.5595 2.0468
2.0698 7.7177 0.2729 2.4036 2.2902
2.2402 1.7152 4.4722 2.6614 5.9341
9.3095 9.7220 0.9390 9.1842 2.3361
1.6931 2.7639 5.5049 0.7022 4.1509
1.6346 5.6941 8.9648 8.0960 2.4460
0.0734 1.7639 0.9475 3.8004 0.6858
4.0160 0.8964 4.7812 9.1863 4.4357
9.1828 7.8100 2.8444 9.3587 7.4989
2.4411 3.4035 9.7104 9.6531 1.6649
8.4557 3.9061 7.9747 1.6078 3.1446
4.9456 5.1164 6.4849 9.6897 9.8092
7.6516 8.5291 7.0407 2.2766 0.0621
5.9277 2.9103 6.0980 5.4026 9.0332
2.0707 7.9345 3.9194 9.6388 0.4311
7.4671 7.7114 0.6000 4.6668 1.1927
4.6790 7.3881 4.3737 5.2784 8.9058
2.9306 3.7707 9.6508 2.9517 0.6103
4.3450 5.2406 4.4703 2.2668 5.5966
4.3708 0.5118 7.4801 9.6675 1.0424
6.5820 8.6684 5.5679 2.3869 5.8273
8.3813 1.9732 2.3748 0.7023 2.2102
