1.1452 7.0428
4.3123 0.7300
0.3545 4.1277
4.7189 9.0651
4.1456 5.0000
8.2208 8.6047
3.0691 6.5860
4.2779 3.2209
4.9916 8.0097
9.5388 8.0818
2.1678 4.9325
0.1504 2.4927
0.8640 0.0088
5.6040 0.8692
0.2274 6.0853
1.6934 4.1440
3.0127 1.0607
0.3440 6.7537
2.0984 4.3748
5.6452 0.0813
3.5363 6.6119
4.4364 2.2100
3.2791 9.4056
1.4183 6.8528
3.0577 3.7291
3.1246 0.0425
2.0761 2.9716
1.9083 6.6192
3.7559 1.3339
4.8231 3.8036
0.4575 7.1669
1.8161 8.4130
6.1860 8.1699
8.1602 5.1739
1.3230 0.9450
2.0685 2.5245
1.3680 0.4887
9.3802 2.9277
9.0998 1.3383
9.7764 1.6276
9.2707 9.0755
6.5448 8.9243
7.9012 4.1060
5.0244 1.1047
2.3519 8.4760
1.3523 4.3780
3.1183 8.0445
3.2418 3.7598
3.6552 0.3824
9.7281 9.1992
5.7831 6.2174
3.3113 5.2799
8.8621 0.1174
0.5275 4.0183
3.2510 5.4029
9.6166 4.7840
2.8602 0.7319
4.2349 3.3099
2.7090 4.1108
8.7631 2.8216
2.4086 3.4912
0.6280 9.1403
3.5597 3.7638
9.0990 5.4101
9.5142 3.3276
4.0672 8.0295
8.7486 0.8129
8.8639 8.8784
4.9141 5.1213
9.1666 0.7682
0.7867 4.2544
4.5331 1.6527
4.8974 9.6524
5.4459 2.2077
1.7865 1.2573
2.1619 0.0933
6.6168 1.4696
8.8680 9.8081
7.6288 1.5486
2.2625 7.3879
4.5343 1.3687
9.1173 2.1339
4.3490 9.7721
3.0725 2.3793
6.7689 7.0226
2.7150 2.3537
9.4050 3.6590
2.2934 7.8248
2.2874 6.8791
4.7319 1.5688
2.0846 9.3441
4.5073 9.0784
1.7794 2.0617
5.1372 2.8829
8.7931 6.8118
8.9056 7.2026
4.8563 7.2246
2.0376 6.9322
8.3288 9.7349
2.2975 8.0281
